50
0   4038   1640   2016   3664   3114   6652   2594   1071   6105   6177   3482   5690   2743   969   4301   2956   1645   6914   6278   8474   7191   6525   4768   8962   4214   1977   5246   4630   5357   5595   3636   5961   3999   297   7941   3794   2053   3058   7032   10553   10545   4082   2510   9439   367   13206   7730   10694   3351   
4038   0   4213   4365   3890   1188   6369   4962   3541   2822   7157   9795   296   4525   4708   2849   8341   7350   3533   2492   7722   2163   7547   1667   2884   3836   5239   5862   559   2850   1   2879   6375   3316   8219   1578   4793   1406   5048   3759   8793   1295   4376   2748   4018   10163   8834   6618   4431   5663   
1640   4213   0   4336   10731   7639   2443   7076   2792   7070   9194   7352   1200   2509   6211   3661   1868   6219   6530   8970   3724   5715   2684   2962   4384   3351   7939   1336   1   6384   3079   5125   2523   5396   4164   11344   5365   6501   12909   1633   2060   4640   9733   3452   296   5162   3072   3606   2141   4896   
2016   4365   4336   0   10816   2140   8509   10983   812   12582   6998   480   6326   2835   1082   5115   1532   3061   4264   8575   11306   7426   8757   8633   2467   1796   1339   2686   2833   3372   8701   3654   6824   4897   7760   4431   8857   5359   4183   9104   3016   5058   3599   7027   6134   7871   2828   2443   1876   1   
3664   3890   10731   10816   0   7946   1181   2263   10353   6611   3491   7438   6422   1026   4749   7418   3246   3965   3716   3986   2199   1078   6211   7993   3381   12208   521   7155   4714   7297   10416   1486   7032   2680   791   6980   1480   4325   3178   3139   4959   6023   2332   7855   6907   7443   3891   5605   3044   3795   
3114   1188   7639   2140   7946   0   3467   10257   8613   6816   9092   7289   10829   3808   1779   1947   9386   5308   8503   2457   3731   4364   3969   6634   3111   926   3439   5279   4917   8796   7501   8141   2194   6573   6596   3961   9504   5411   6714   2628   5580   5130   1754   4389   5442   7016   1037   3416   2594   2020   
6652   6369   2443   8509   1181   3467   0   8428   2272   5333   10189   2254   1196   716   8668   2272   4596   7353   3297   4821   5922   2455   3115   4743   2152   9209   5088   5516   1699   2576   723   5123   4567   7205   2816   9991   4287   8613   1917   6539   8185   3452   7885   5961   2221   8310   4388   3796   5747   3594   
2594   4962   7076   10983   2263   10257   8428   0   498   3460   4668   9521   3363   2982   1443   3343   2523   2388   9850   5316   3500   4904   2958   3702   8688   2726   4288   4627   4170   5217   2063   3770   7880   3754   5260   3102   711   5035   2784   10161   7461   1386   5592   4134   7621   3993   6125   5129   1986   4318   
1071   3541   2792   812   10353   8613   2272   498   0   10235   8207   1578   8408   1170   2719   4652   476   2020   1138   6743   9943   1219   2880   7050   3583   2532   10196   6268   1418   8185   231   2104   5826   3398   7949   2571   3241   6296   3636   3374   4210   894   4797   3750   7010   6082   2916   8185   4107   2206   
6105   2822   7070   12582   6611   6816   5333   3460   10235   0   1   2828   10114   9530   4214   2086   1407   1007   1962   5223   2162   3369   8801   970   5688   4906   12284   1123   1690   2829   9316   2011   2280   4368   2832   2260   9879   808   4355   4645   7528   529   2725   8440   3163   3094   7546   3372   1609   10515   
6177   7157   9194   6998   3491   9092   10189   4668   8207   1   0   5828   361   5985   9630   371   9117   9237   2376   5146   8644   1207   969   5292   7978   4722   3748   6706   6461   1034   4873   4629   6811   1551   9098   3909   1221   3510   4978   7065   3703   6548   5035   5776   5740   2292   4411   3436   2527   3265   
3482   9795   7352   480   7438   7289   2254   9521   1578   2828   5828   0   2544   4445   7041   5320   5125   1971   5380   1423   3089   2776   3786   6593   6367   9194   7626   9225   9123   7731   1776   4870   2956   2677   3551   2366   2256   1991   2359   5217   8994   7967   342   5863   5705   8443   5533   2194   3748   2543   
5690   296   1200   6326   6422   10829   1196   3363   8408   10114   361   2544   0   8082   4630   2616   5688   1313   3701   880   2822   1840   2713   4134   1330   2260   4588   2795   7204   2277   8339   8790   5415   1975   6611   4839   7554   2518   7192   3831   7881   2863   7644   6698   10124   8776   6158   3181   6577   4985   
2743   4525   2509   2835   1026   3808   716   2982   1170   9530   5985   4445   8082   0   3919   1044   5791   4691   2569   3146   780   3034   2629   7801   2285   3682   401   2472   5398   2120   4815   2029   2947   4699   2649   9941   4090   2194   9943   6839   1081   10612   9729   3209   5634   1530   2025   4280   3791   3046   
969   4708   6211   1082   4749   1779   8668   1443   2719   4214   9630   7041   4630   3919   0   3833   5308   5538   1   1   12284   1496   1938   983   2786   10545   6476   4900   4229   2891   2315   5646   3994   3965   2466   3322   3381   9047   914   3340   6367   667   9209   964   3118   8097   7170   5287   12338   4595   
4301   2849   3661   5115   7418   1947   2272   3343   4652   2086   371   5320   2616   1044   3833   0   3716   732   5423   2920   2880   4164   10150   1853   3317   3853   11047   7430   4521   806   2790   3563   3625   5692   7504   804   6034   3693   4559   1309   7331   3509   1240   398   2237   532   8257   1837   2676   4234   
2956   8341   1868   1532   3246   9386   4596   2523   476   1407   9117   5125   5688   5791   5308   3716   0   5923   3962   5398   7887   4802   6864   3420   4002   3537   4088   3302   7021   8039   5126   9218   6851   3491   2358   4175   3056   2862   1283   9530   677   1722   6761   3051   9352   3012   3100   3437   5433   8087   
1645   7350   6219   3061   3965   5308   7353   2388   2020   1007   9237   1971   1313   4691   5538   732   5923   0   2446   3849   633   4776   874   683   6070   3206   1554   4237   2325   4883   4947   3025   6027   8413   6274   6375   5981   5251   2609   4640   3142   3908   2325   10938   2881   4751   2818   5409   4605   8128   
6914   3533   6530   4264   3716   8503   3297   9850   1138   1962   2376   5380   3701   2569   1   5423   3962   2446   0   3230   8762   9903   3490   5034   4767   5127   10816   1967   2962   8897   4957   4214   1874   4124   12338   3621   4917   1498   7100   4711   13936   11814   3224   6857   5177   2868   6358   7805   781   2225   
6278   2492   8970   8575   3986   2457   4821   5316   6743   5223   5146   1423   880   3146   1   2920   5398   3849   3230   0   2237   6257   4711   1770   4327   2220   1061   4445   5121   904   4338   10599   12693   2941   5903   4105   3973   6014   4668   6980   8499   2178   9600   6257   4918   2765   3283   4340   2444   2790   
8474   7722   3724   11306   2199   3731   5922   3500   9943   2162   8644   3089   2822   780   12284   2880   7887   633   8762   2237   0   4338   6222   2819   10280   514   1919   1158   1363   2509   2260   1   8924   4213   1517   6850   7877   1659   1025   12804   4048   4513   4195   5281   9048   1983   5454   3880   3434   4113   
7191   2163   5715   7426   1078   4364   2455   4904   1219   3369   1207   2776   1840   3034   1496   4164   4802   4776   9903   6257   4338   0   3291   9915   3537   2463   5558   1210   5259   6505   3399   2735   3726   7641   7348   5121   6374   2358   2896   7581   8658   2719   6188   6733   1425   7050   9624   2532   4467   1770   
6525   7547   2684   8757   6211   3969   3115   2958   2880   8801   969   3786   2713   2629   1938   10150   6864   874   3490   4711   6222   3291   0   8581   2698   9961   1507   1536   8232   1643   699   4800   1422   5424   5417   6246   4647   6759   2108   4434   3732   2292   5832   723   7870   3891   6280   1894   3112   2628   
4768   1667   2962   8633   7993   6634   4743   3702   7050   970   5292   6593   4134   7801   983   1853   3420   683   5034   1770   2819   9915   8581   0   9145   8457   5314   4838   2047   7676   2048   10300   3615   5695   8450   1423   811   3496   7897   1175   5218   5097   2716   2421   1772   8497   2764   5477   5672   7358   
8962   2884   4384   2467   3381   3111   2152   8688   3583   5688   7978   6367   1330   2285   2786   3317   4002   6070   4767   4327   10280   3537   2698   9145   0   3548   5102   2424   1128   6690   2004   4793   9087   1212   9749   820   2708   4528   5951   1559   3172   5333   8394   7291   2941   3327   4213   3512   3436   10124   
4214   3836   3351   1796   12208   926   9209   2726   2532   4906   4722   9194   2260   3682   10545   3853   3537   3206   5127   2220   514   2463   9961   8457   3548   0   1756   398   2248   3309   5682   3749   1667   10047   3206   5092   10660   1495   9584   3909   4151   3375   1978   2713   3611   1368   7672   5862   2415   3715   
1977   5239   7939   1339   521   3439   5088   4288   10196   12284   3748   7626   4588   401   6476   11047   4088   1554   10816   1061   1919   5558   1507   5314   5102   1756   0   4568   10620   3717   4175   1402   7518   6384   837   3908   5301   1329   1737   1587   1841   2135   7365   1419   1061   5722   7573   679   2177   1953   
5246   5862   1336   2686   7155   5279   5516   4627   6268   1123   6706   9225   2795   2472   4900   7430   3302   4237   1967   4445   1158   1210   1536   4838   2424   398   4568   0   12924   7075   2925   4418   7332   7167   11615   2929   2596   1180   3287   11171   7856   2839   1143   6887   6671   711   1568   3910   9426   4477   
4630   559   1   2833   4714   4917   1699   4170   1418   1690   6461   9123   7204   5398   4229   4521   7021   2325   2962   5121   1363   5259   8232   2047   1128   2248   10620   12924   0   1175   6384   2423   7443   9426   2390   1609   6404   5162   10884   4446   5382   4747   6976   6931   2208   6536   6490   7040   3180   1181   
5357   2850   6384   3372   7297   8796   2576   5217   8185   2829   1034   7731   2277   2120   2891   806   8039   4883   8897   904   2509   6505   1643   7676   6690   3309   3717   7075   1175   0   1075   3038   3461   2713   7958   1694   959   1139   7975   1100   6638   1975   4589   7501   3462   3656   8607   4129   4561   5800   
5595   1   3079   8701   10416   7501   723   2063   231   9316   4873   1776   8339   4815   2315   2790   5126   4947   4957   4338   2260   3399   699   2048   2004   5682   4175   2925   6384   1075   0   3392   3215   3049   5336   933   2587   4978   6669   2194   4596   1849   1   1818   10553   4519   7370   2031   1895   11738   
3636   2879   5125   3654   1486   8141   5123   3770   2104   2011   4629   4870   8790   2029   5646   3563   9218   3025   4214   10599   1   2735   4800   10300   4793   3749   1402   4418   2423   3038   3392   0   6188   2865   7435   669   3208   2254   9852   1610   5233   3639   838   1863   3363   2527   5125   5102   10416   8737   
5961   6375   2523   6824   7032   2194   4567   7880   5826   2280   6811   2956   5415   2947   3994   3625   6851   6027   1874   12693   8924   3726   1422   3615   9087   1667   7518   7332   7443   3461   3215   6188   0   4215   7524   2882   3100   6223   7184   10489   4691   6273   4269   6493   692   1045   7982   10364   3794   555   
3999   3316   5396   4897   2680   6573   7205   3754   3398   4368   1551   2677   1975   4699   3965   5692   3491   8413   4124   2941   4213   7641   5424   5695   1212   10047   6384   7167   9426   2713   3049   2865   4215   0   9879   4912   2436   5144   6611   11129   3458   3389   1558   3798   1128   9289   5875   1181   1490   2012   
297   8219   4164   7760   791   6596   2816   5260   7949   2832   9098   3551   6611   2649   2466   7504   2358   6274   12338   5903   1517   7348   5417   8450   9749   3206   837   11615   2390   7958   5336   7435   7524   9879   0   5677   5951   1169   6392   8393   306   2027   4721   9638   1640   6523   10340   1820   2833   5045   
7941   1578   11344   4431   6980   3961   9991   3102   2571   2260   3909   2366   4839   9941   3322   804   4175   6375   3621   4105   6850   5121   6246   1423   820   5092   3908   2929   1609   1694   933   669   2882   4912   5677   0   9226   4282   4900   7909   5478   1128   3983   6256   208   9608   2305   1   8211   10813   
3794   4793   5365   8857   1480   9504   4287   711   3241   9879   1221   2256   7554   4090   3381   6034   3056   5981   4917   3973   7877   6374   4647   811   2708   10660   5301   2596   6404   959   2587   3208   3100   2436   5951   9226   0   790   1978   2524   2993   8876   7460   3241   6323   1984   3798   338   9791   11233   
2053   1406   6501   5359   4325   5411   8613   5035   6296   808   3510   1991   2518   2194   9047   3693   2862   5251   1498   6014   1659   2358   6759   3496   4528   1495   1329   1180   5162   1139   4978   2254   6223   5144   1169   4282   790   0   1911   2052   3859   2547   2256   2203   3791   1724   4483   2423   3594   3766   
3058   5048   12909   4183   3178   6714   1917   2784   3636   4355   4978   2359   7192   9943   914   4559   1283   2609   7100   4668   1025   2896   2108   7897   5951   9584   1737   3287   10884   7975   6669   9852   7184   6611   6392   4900   1978   1911   0   1655   8147   2378   900   3625   9842   4249   5747   12351   906   1   
7032   3759   1633   9104   3139   2628   6539   10161   3374   4645   7065   5217   3831   6839   3340   1309   9530   4640   4711   6980   12804   7581   4434   1175   1559   3909   1587   11171   4446   1100   2194   1610   10489   11129   8393   7909   2524   2052   1655   0   1397   8746   5503   10214   2130   3926   3449   7294   1   1315   
10553   8793   2060   3016   4959   5580   8185   7461   4210   7528   3703   8994   7881   1081   6367   7331   677   3142   13936   8499   4048   8658   3732   5218   3172   4151   1841   7856   5382   6638   4596   5233   4691   3458   306   5478   2993   3859   8147   1397   0   4225   3241   5228   3955   9401   3758   7639   534   2864   
10545   1295   4640   5058   6023   5130   3452   1386   894   529   6548   7967   2863   10612   667   3509   1722   3908   11814   2178   4513   2719   2292   5097   5333   3375   2135   2839   4747   1975   1849   3639   6273   3389   2027   1128   8876   2547   2378   8746   4225   0   13415   531   4388   681   8085   979   2238   9612   
4082   4376   9733   3599   2332   1754   7885   5592   4797   2725   5035   342   7644   9729   9209   1240   6761   2325   3224   9600   4195   6188   5832   2716   8394   1978   7365   1143   6976   4589   1   838   4269   1558   4721   3983   7460   2256   900   5503   3241   13415   0   2116   4375   3291   3782   4798   3971   637   
2510   2748   3452   7027   7855   4389   5961   4134   3750   8440   5776   5863   6698   3209   964   398   3051   10938   6857   6257   5281   6733   723   2421   7291   2713   1419   6887   6931   7501   1818   1863   6493   3798   9638   6256   3241   2203   3625   10214   5228   531   2116   0   10875   5780   3251   6895   6082   10871   
9439   4018   296   6134   6907   5442   2221   7621   7010   3163   5740   5705   10124   5634   3118   2237   9352   2881   5177   4918   9048   1425   7870   1772   2941   3611   1061   6671   2208   3462   10553   3363   692   1128   1640   208   6323   3791   9842   2130   3955   4388   4375   10875   0   1363   3033   9842   7854   7356   
367   10163   5162   7871   7443   7016   8310   3993   6082   3094   2292   8443   8776   1530   8097   532   3012   4751   2868   2765   1983   7050   3891   8497   3327   1368   5722   711   6536   3656   4519   2527   1045   9289   6523   9608   1984   1724   4249   3926   9401   681   3291   5780   1363   0   2280   1429   2467   7618   
13206   8834   3072   2828   3891   1037   4388   6125   2916   7546   4411   5533   6158   2025   7170   8257   3100   2818   6358   3283   5454   9624   6280   2764   4213   7672   7573   1568   6490   8607   7370   5125   7982   5875   10340   2305   3798   4483   5747   3449   3758   8085   3782   3251   3033   2280   0   3146   3739   5235   
7730   6618   3606   2443   5605   3416   3796   5129   8185   3372   3436   2194   3181   4280   5287   1837   3437   5409   7805   4340   3880   2532   1894   5477   3512   5862   679   3910   7040   4129   2031   5102   10364   1181   1820   1   338   2423   12351   7294   7639   979   4798   6895   9842   1429   3146   0   1342   2764   
10694   4431   2141   1876   3044   2594   5747   1986   4107   1609   2527   3748   6577   3791   12338   2676   5433   4605   781   2444   3434   4467   3112   5672   3436   2415   2177   9426   3180   4561   1895   10416   3794   1490   2833   8211   9791   3594   906   1   534   2238   3971   6082   7854   2467   3739   1342   0   1462   
3351   5663   4896   1   3795   2020   3594   4318   2206   10515   3265   2543   4985   3046   4595   4234   8087   8128   2225   2790   4113   1770   2628   7358   10124   3715   1953   4477   1181   5800   11738   8737   555   2012   5045   10813   11233   3766   1   1315   2864   9612   637   10871   7356   7618   5235   2764   1462   0   
