50
0   529   1304   676   46   646   274   667   518   847   517   641   41   28   14   881   96   954   243   541   672   499   80   572   794   732   19   16   432   598   34   1287   412   1156   475   817   522   692   24   453   716   663   1247   784   330   58   630   604   567   440   
529   0   453   445   90   619   518   647   250   644   507   46   585   599   60   1457   264   519   496   647   582   673   337   820   8   1036   561   951   36   84   179   466   660   578   857   118   282   425   568   686   15   936   429   31   962   427   696   968   729   6   
1304   453   0   55   1271   866   957   42   684   594   6   684   90   665   62   666   253   582   227   1027   655   843   857   469   674   470   797   951   448   91   1115   447   663   546   598   658   989   561   32   443   857   417   263   1137   433   1003   296   323   424   55   
676   445   55   0   925   14   552   810   34   435   804   219   451   84   479   1130   578   438   479   660   967   960   985   664   675   437   485   81   529   937   1304   660   437   1218   436   649   564   620   614   508   757   1369   526   31   581   588   485   1142   13   775   
46   90   1271   925   0   1273   34   84   484   782   419   324   18   959   545   80   693   519   1100   869   647   1137   546   445   107   266   836   703   468   496   17   794   538   453   794   15   703   664   496   519   644   434   522   289   336   738   438   645   502   232   
646   619   866   14   1273   0   177   794   274   792   335   492   1136   446   276   257   1241   583   0   577   43   1287   1356   788   27   424   537   48   233   402   1124   613   515   587   68   705   855   2   582   964   485   460   32   798   525   527   501   951   532   76   
274   518   957   552   34   177   0   673   36   446   446   277   558   546   1131   978   257   39   954   511   283   595   689   421   648   688   280   681   31   445   70   550   302   794   17   10   63   664   525   1000   33   11   228   693   1132   784   431   11   896   808   
667   647   42   810   84   794   673   0   1327   1130   38   585   502   429   662   522   1127   562   433   25   817   796   499   451   256   41   42   656   580   28   422   119   145   970   678   279   460   918   584   106   41   1307   550   680   822   421   1429   546   919   515   
518   250   684   34   484   274   36   1327   0   40   1147   428   30   0   863   230   681   590   441   837   605   517   206   1315   591   515   298   227   916   1135   115   251   435   613   727   80   667   455   599   831   422   951   294   13   557   663   837   732   928   823   
847   644   594   435   782   792   446   1130   40   0   257   0   484   38   79   674   303   503   562   655   601   681   943   494   989   249   685   732   641   878   552   837   961   0   895   1289   80   710   966   763   170   416   698   158   423   563   252   252   457   23   
517   507   6   804   419   335   446   38   1147   257   0   335   518   18   1237   465   528   579   817   27   58   509   13   607   435   1363   38   972   802   649   705   438   1289   464   666   0   30   1246   101   511   465   503   1124   480   341   472   1399   294   243   441   
641   46   684   219   324   492   277   585   428   0   335   0   57   968   27   562   594   671   648   453   537   666   200   30   616   0   505   57   635   1218   520   782   769   820   8   1048   1054   66   11   461   10   423   498   160   565   558   920   497   446   557   
41   585   90   451   18   1136   558   502   30   484   518   57   0   718   1236   421   277   666   1379   1304   8   587   556   575   580   453   623   563   746   59   234   241   885   257   823   42   590   882   985   93   1227   1007   870   772   559   15   977   561   0   427   
28   599   665   84   959   446   546   429   0   38   18   968   718   0   532   26   10   548   561   1125   435   588   954   13   14   448   1129   252   588   46   504   220   39   562   6   470   572   707   558   690   1036   816   1126   101   8   672   693   498   504   28   
14   60   62   479   545   276   1131   662   863   79   1237   27   1236   532   0   28   660   461   686   277   294   528   676   673   826   937   483   1007   662   465   195   1119   566   6   556   522   532   412   1125   948   1025   427   585   495   865   638   365   445   195   872   
881   1457   666   1130   80   257   978   522   230   674   465   562   421   26   28   0   783   1036   1053   660   257   480   285   665   39   207   160   1457   435   25   671   605   28   559   1376   289   661   600   999   549   606   329   177   1039   798   21   151   456   1016   1236   
96   264   253   578   693   1241   257   1127   681   303   528   594   277   10   660   783   0   208   1303   834   480   52   426   1254   531   96   455   806   855   578   827   42   664   1135   906   573   657   81   445   151   1050   562   316   896   1121   276   435   415   697   532   
954   519   582   438   519   583   39   562   590   503   579   671   666   548   461   1036   208   0   69   868   932   500   667   571   251   867   42   741   453   424   557   601   778   726   1028   856   1121   46   1135   162   678   606   817   557   967   727   1311   14   525   601   
243   496   227   479   1100   0   954   433   441   562   817   648   1379   561   686   1053   1303   69   0   0   509   458   438   654   691   406   648   259   707   665   686   91   1227   653   764   447   86   36   569   741   20   412   641   1454   643   562   489   283   99   409   
541   647   1027   660   869   577   511   25   837   655   27   453   1304   1125   277   660   834   868   0   0   40   516   435   988   434   492   1304   646   508   109   559   525   540   552   18   303   1048   893   416   286   517   525   624   325   695   478   833   47   756   1256   
672   582   655   967   647   43   283   817   605   601   58   537   8   435   294   257   480   932   509   40   0   86   1311   251   629   979   563   611   783   578   1047   458   447   455   30   365   17   338   253   756   319   438   559   1119   435   476   1107   912   726   74   
499   673   843   960   1137   1287   595   796   517   681   509   666   587   588   528   480   52   500   458   516   86   0   441   581   71   574   661   278   572   209   427   674   1223   599   505   594   574   621   276   698   517   441   1137   298   596   18   79   500   666   444   
80   337   857   985   546   1356   689   499   206   943   13   200   556   954   676   285   426   667   438   435   1311   441   0   1115   861   968   16   23   905   465   7   857   489   350   539   56   529   441   680   537   55   39   26   582   316   936   491   501   837   536   
572   820   469   664   445   788   421   451   1315   494   607   30   575   13   673   665   1254   571   654   988   251   581   1115   0   723   932   587   559   876   815   457   989   1138   479   480   11   500   1016   181   953   35   51   660   951   716   1253   1003   828   51   437   
794   8   674   675   107   27   648   256   591   989   435   616   580   14   826   39   531   251   691   434   629   71   861   723   0   515   479   450   816   285   477   496   953   530   480   1057   981   958   83   840   242   415   26   820   435   442   28   937   776   559   
732   1036   470   437   266   424   688   41   515   249   1363   0   453   448   937   207   96   867   406   492   979   574   968   932   515   0   303   110   683   266   641   28   55   861   69   549   984   7   73   193   983   447   38   608   469   23   420   484   417   499   
19   561   797   485   836   537   280   42   298   685   38   505   623   1129   483   160   455   42   648   1304   563   661   16   587   479   303   0   145   1361   476   463   778   454   867   47   496   962   512   169   488   42   13   32   517   717   1112   587   575   502   434   
16   951   951   81   703   48   681   656   227   732   972   57   563   252   1007   1457   806   741   259   646   611   278   23   559   450   110   145   0   19   168   529   992   550   438   220   298   11   50   1197   556   821   277   13   425   821   684   954   264   764   32   
432   36   448   529   468   233   31   580   916   641   802   635   746   588   662   435   855   453   707   508   783   572   905   876   816   683   1361   19   0   1407   70   590   711   1064   642   450   16   668   806   272   446   673   168   660   797   772   77   33   568   876   
598   84   91   937   496   402   445   28   1135   878   649   1218   59   46   465   25   578   424   665   109   578   209   465   815   285   266   476   168   1407   0   276   211   461   668   928   286   303   443   970   576   498   946   19   669   315   12   618   428   663   651   
34   179   1115   1304   17   1124   70   422   115   552   705   520   234   504   195   671   827   557   686   559   1047   427   7   457   477   641   463   529   70   276   0   21   19   40   91   953   0   448   478   1014   513   480   563   712   498   20   580   489   442   1124   
1287   466   447   660   794   613   550   119   251   837   438   782   241   220   1119   605   42   601   91   525   458   674   857   989   496   28   778   992   590   211   21   0   554   928   491   57   419   429   435   948   594   69   794   451   106   539   89   447   467   592   
412   660   663   437   538   515   302   145   435   961   1289   769   885   39   566   28   664   778   1227   540   447   1223   489   1138   953   55   454   550   711   461   19   554   0   430   646   438   115   893   580   40   531   416   503   444   559   19   236   31   32   1281   
1156   578   546   1218   453   587   794   970   613   0   464   820   257   562   6   559   1135   726   653   552   455   599   350   479   530   861   867   438   1064   668   40   928   430   0   897   1104   679   445   21   564   43   504   419   83   453   654   325   574   271   662   
475   857   598   436   794   68   17   678   727   895   666   8   823   6   556   1376   906   1028   764   18   30   505   539   480   480   69   47   220   642   928   91   491   646   897   0   983   568   978   710   11   30   582   20   244   509   81   214   334   746   1010   
817   118   658   649   15   705   10   279   80   1289   0   1048   42   470   522   289   573   856   447   303   365   594   56   11   1057   549   496   298   450   286   953   57   438   1104   983   0   239   200   412   954   36   688   666   435   665   561   1307   496   698   878   
522   282   989   564   703   855   63   460   667   80   30   1054   590   572   532   661   657   1121   86   1048   17   574   529   500   981   984   962   11   16   303   0   419   115   679   568   239   0   330   263   562   55   291   808   1293   668   283   25   623   583   791   
692   425   561   620   664   2   664   918   455   710   1246   66   882   707   412   600   81   46   36   893   338   621   441   1016   958   7   512   50   668   443   448   429   893   445   978   200   330   0   550   577   143   599   90   957   27   55   647   984   711   26   
24   568   32   614   496   582   525   584   599   966   101   11   985   558   1125   999   445   1135   569   416   253   276   680   181   83   73   169   1197   806   970   478   435   580   21   710   412   263   550   0   569   892   273   428   500   20   753   0   569   572   543   
453   686   443   508   519   964   1000   106   831   763   511   461   93   690   948   549   151   162   741   286   756   698   537   953   840   193   488   556   272   576   1014   948   40   564   11   954   562   577   569   0   1143   428   665   297   424   337   266   339   590   972   
716   15   857   757   644   485   33   41   422   170   465   10   1227   1036   1025   606   1050   678   20   517   319   517   55   35   242   983   42   821   446   498   513   594   531   43   30   36   55   143   892   1143   0   473   505   243   12   471   572   83   773   81   
663   936   417   1369   434   460   11   1307   951   416   503   423   1007   816   427   329   562   606   412   525   438   441   39   51   415   447   13   277   673   946   480   69   416   504   582   688   291   599   273   428   473   0   560   583   967   283   1028   41   700   277   
1247   429   263   526   522   32   228   550   294   698   1124   498   870   1126   585   177   316   817   641   624   559   1137   26   660   26   38   32   13   168   19   563   794   503   419   20   666   808   90   428   665   505   560   0   0   1135   485   497   24   531   67   
784   31   1137   31   289   798   693   680   13   158   480   160   772   101   495   1039   896   557   1454   325   1119   298   582   951   820   608   517   425   660   669   712   451   444   83   244   435   1293   957   500   297   243   583   0   0   459   834   681   813   318   500   
330   962   433   581   336   525   1132   822   557   423   341   565   559   8   865   798   1121   967   643   695   435   596   316   716   435   469   717   821   797   315   498   106   559   453   509   665   668   27   20   424   12   967   1135   459   0   970   819   593   675   21   
58   427   1003   588   738   527   784   421   663   563   472   558   15   672   638   21   276   727   562   478   476   18   936   1253   442   23   1112   684   772   12   20   539   19   654   81   561   283   55   753   337   471   283   485   834   970   0   19   836   477   438   
630   696   296   485   438   501   431   1429   837   252   1399   920   977   693   365   151   435   1311   489   833   1107   79   491   1003   28   420   587   954   77   618   580   89   236   325   214   1307   25   647   0   266   572   1028   497   681   819   19   0   35   39   69   
604   968   323   1142   645   951   11   546   732   252   294   497   561   498   445   456   415   14   283   47   912   500   501   828   937   484   575   264   33   428   489   447   31   574   334   496   623   984   569   339   83   41   24   813   593   836   35   0   1099   1356   
567   729   424   13   502   532   896   919   928   457   243   446   0   504   195   1016   697   525   99   756   726   666   837   51   776   417   502   764   568   663   442   467   32   271   746   698   583   711   572   590   773   700   531   318   675   477   39   1099   0   600   
440   6   55   775   232   76   808   515   823   23   441   557   427   28   872   1236   532   601   409   1256   74   444   536   437   559   499   434   32   876   651   1124   592   1281   662   1010   878   791   26   543   972   81   277   67   500   21   438   69   1356   600   0   
0   0   15   0   0   0   0   0   5   185   0   0   0   51   415   0   0   0   0   0   0   0   0   7213   541   0   347   1798   9   1   0   0   31   135   255   0   13   0   2   0   68   340   147   5   0   1   4513   0   2   1880   
0   0   695   68   0   0   35   0   0   0   1   0   55   0   0   0   7041   0   0   0   0   0   566   1   0   0   0   0   0   0   0   0   0   0   0   0   0   3960   91   169   0   0   1457   1   0   0   53   225   134   0   
1   0   0   0   0   912   70   0   11   58   157   0   0   4946   0   9   3   1090   0   0   2   2   0   0   33   0   262   257   0   116   223   0   0   0   0   112   0   16   101   59   884   0   296   7270   15   0   34   0   2381   3   
0   0   0   0   3   2154   0   417   0   0   0   3   267   0   1   0   13   1   688   0   0   19   0   7   0   1823   0   0   0   0   0   0   1823   56   162   2189   0   0   0   83   0   261   0   122   0   2378   0   0   1677   0   
0   0   146   1   0   0   54   1   2144   0   7556   0   2   1459   1   0   11   0   0   1   0   0   126   0   0   1480   0   0   0   0   0   5   0   8   541   0   0   5   0   0   0   11   1543   2888   48   4603   1   1   2510   0   
0   0   0   0   141   0   0   216   7293   0   0   3   1065   0   494   0   2   29   0   0   0   0   0   0   160   0   0   4   0   0   0   0   2041   627   0   19   0   3949   0   212   2   107   0   102   5   0   352   0   0   418   
5   0   1   0   525   382   0   1143   0   423   0   37   0   0   454   0   0   2345   0   7   0   0   0   812   1   0   1   0   1237   0   0   35   432   5   4   0   0   0   1   883   0   0   0   6   0   1718   878   1584   3484   2   
209   15   19   0   2345   83   0   0   2   0   0   0   2   6   0   537   0   24   0   2699   137   0   0   455   0   22   0   65   0   401   0   0   92   0   42   219   0   0   5034   0   0   0   1656   1913   1   357   283   0   18   310   
0   0   279   79   0   0   77   23   0   0   123   0   115   0   0   0   0   266   1135   6311   47   97   0   0   167   310   0   10   0   0   0   263   0   336   0   0   0   0   6   269   0   0   0   2   516   3   10   313   0   7192   
0   0   0   0   29   0   7526   400   0   0   79   0   0   0   3   0   46   0   0   2   3   1006   0   0   0   24   0   0   579   0   0   0   0   0   0   0   0   0   0   0   769   41   10   0   225   93   0   2   0   0   
0   7   1   1   0   0   29   0   116   0   0   0   1091   0   3   4354   0   0   49   1   0   8   1024   0   0   312   0   1   0   0   0   1   0   0   0   0   0   1   0   0   0   2   0   39   0   0   0   57   0   3   
0   533   12   0   3   36   1868   0   0   20   0   0   0   225   160   4   624   0   1   0   0   0   0   826   68   0   139   1   13   0   18   0   1027   0   0   0   0   101   0   0   0   26   0   0   2   0   678   2178   1   2575   
0   0   2   0   0   0   0   0   1   0   0   0   0   2760   0   812   0   0   73   0   0   0   0   3074   0   0   0   1750   0   0   0   1   513   0   0   0   0   0   0   0   0   2   16   0   17   0   0   0   0   0   
0   0   0   0   0   0   0   0   0   6063   0   0   36   0   0   0   17   315   5450   22   0   0   65   0   1   3957   0   1   0   0   0   341   0   0   0   1483   2615   0   0   1   0   1   11   35   1   0   0   0   0   0   
16   0   0   66   7293   0   0   2039   11   0   0   0   750   0   0   78   0   0   0   76   0   0   5   0   0   1   0   0   0   1   0   2802   0   3195   0   0   0   0   2   123   0   141   0   0   0   0   0   0   0   0   
613   0   0   2258   0   0   0   576   28   0   27   1991   0   0   0   0   0   0   179   0   2358   42   0   0   0   55   0   0   0   3912   422   0   25   167   138   0   1   0   79   7   13   28   0   0   102   0   5789   1   4   0   
1118   4   103   0   0   0   11   0   0   0   3511   1   0   0   0   0   0   0   1   0   0   0   470   1   0   0   0   0   3784   20   0   0   7   0   0   5551   0   0   0   0   0   2   14   0   0   0   2031   0   40   55   
30   7454   981   0   7145   1   0   61   12   0   0   25   0   0   0   3   0   0   0   1   0   6272   0   3155   263   0   0   7914   6473   2831   0   70   134   0   0   0   0   0   0   175   5334   1   16   0   0   3   0   9   5   0   
0   0   0   20   0   12   34   31   0   21   14   0   0   0   0   0   162   6   0   0   8   0   199   1   13   0   1   0   0   0   0   548   8   8   0   0   12   0   6   7914   1   5   0   0   1025   94   0   0   0   0   
0   0   981   2193   0   0   0   29   0   0   0   0   0   0   2143   0   0   0   0   0   0   0   0   0   0   0   0   0   1302   101   0   0   1   0   0   0   299   1   0   0   0   483   4   3531   0   0   1   98   2984   1347   
0   52   0   0   1   0   15   3450   0   5   43   0   2   9   50   7   0   0   7755   174   0   0   0   0   3   5   2   0   0   0   0   36   4976   0   0   179   171   521   1940   0   0   1374   0   0   0   0   33   0   0   38   
0   0   6473   0   381   18   62   0   2510   0   0   0   0   6   4   0   12   0   1   127   1915   0   152   0   1564   991   756   0   0   0   141   0   0   0   139   624   0   0   494   43   0   0   7270   6584   0   0   3   17   0   53   
0   367   0   6877   175   0   1798   124   0   0   0   10   0   169   3   0   9   449   0   0   0   0   0   0   7   0   803   2056   0   1   7269   0   1   0   0   1   86   0   1   0   0   0   752   0   0   0   0   11   0   1   
13   0   4976   0   0   0   0   11   0   0   0   0   0   6063   1   0   418   80   0   2   0   0   0   0   28   0   0   0   0   29   0   0   0   0   1406   0   0   93   1   897   0   146   0   257   0   86   375   0   2421   1   
0   0   0   0   8   0   0   0   0   419   0   0   0   0   0   0   0   0   0   1477   5551   0   0   0   0   0   0   2130   0   0   379   2   0   0   0   0   0   23   34   675   0   813   167   0   101   0   98   1   0   0   
0   6   0   1   0   0   4   0   0   0   840   1475   760   0   41   0   0   0   0   0   0   0   0   5   1   0   0   0   0   1480   0   0   0   0   2   7   1   1626   4238   0   38   1   0   6037   0   2056   1   0   993   0   
0   346   0   78   0   0   36   225   262   0   0   1796   1   2   0   1   3082   419   1   5   1077   65   1603   1   16   0   0   0   0   0   733   134   0   0   1   0   4350   0   0   2982   0   0   0   0   7   6198   0   0   1   253   
0   385   1   28   14   0   1391   0   0   0   0   140   0   7281   0   36   0   205   182   21   1   0   4399   0   0   0   0   0   0   0   0   985   11   0   1364   0   226   0   0   0   0   1   1024   0   0   0   0   0   0   101   
1   2   0   327   0   225   107   0   0   0   7   7586   0   150   307   0   1898   301   0   26   11   0   48   0   4   0   7679   310   0   0   0   2814   0   0   0   203   0   3426   0   2689   1   20   0   179   1261   0   0   4929   0   0   
55   0   1   1   2   0   2   0   39   16   0   0   1   6706   0   0   0   1   0   0   0   0   0   1   0   803   6860   3925   0   0   26   5   0   1   0   0   0   59   0   0   1319   0   0   1   1056   0   136   0   798   297   
4   0   3   0   0   0   0   297   26   0   0   3   0   21   0   1   0   0   5   0   0   0   0   0   0   0   0   0   4   0   0   5030   0   111   0   0   0   21   0   0   0   6594   2   0   1   0   0   1   0   4428   
1   0   0   0   0   0   0   1012   0   25   0   0   112   0   0   375   0   1   0   0   127   1   0   0   3531   0   0   0   4544   4115   0   0   0   1   1   0   7556   0   0   0   624   1   3789   0   0   0   264   0   0   0   
721   2041   0   0   1402   43   0   0   152   440   33   0   13   0   129   0   0   0   0   0   142   1   0   0   0   0   0   38   976   0   0   696   0   0   60   0   0   1   0   4   1   92   209   0   0   307   0   67   1   0   
47   0   0   21   56   854   147   0   2   0   1043   1006   0   6473   3613   0   0   55   353   0   3   6   0   3826   0   160   1   0   0   0   225   0   0   0   2022   647   0   0   5211   695   55   0   3511   0   0   0   6161   0   2   0   
10   212   0   0   0   1   0   118   19   0   33   1302   0   4   9   580   3   0   2   0   6   0   25   0   0   0   1430   0   0   0   138   0   0   6198   0   6153   336   0   272   0   4563   0   0   0   0   2015   0   0   0   0   
39   0   0   0   300   406   0   0   0   0   0   1   7679   0   6536   0   4929   67   0   0   0   0   30   7679   0   0   0   0   0   0   17   1093   0   0   1909   0   20   0   31   65   0   0   0   0   1082   19   0   0   66   0   
0   0   1069   0   0   0   0   0   0   27   2   1   0   0   0   1   296   2   3   6   0   0   0   3914   0   0   1392   0   0   4238   100   0   0   0   0   0   0   98   14   0   0   2   1   3638   2   0   0   0   29   0   
0   0   101   6   2732   0   0   0   0   4   41   8   0   0   0   0   0   0   0   0   0   0   0   0   0   0   80   0   0   0   1511   2266   400   2223   540   0   11   0   0   306   0   0   0   12   0   0   0   1   0   0   
0   0   1   4204   0   7697   0   2   0   0   1   752   1021   2   0   4   0   1684   0   707   62   0   1008   0   0   0   69   0   1399   0   1   0   56   1   0   8   0   283   0   7   6   0   0   0   0   0   0   0   7213   0   
4603   0   5   1360   0   0   538   0   0   0   89   0   7   0   0   0   6179   0   234   0   0   0   0   5450   2699   0   0   263   0   8   0   0   466   0   0   0   0   4   0   0   0   3   225   0   0   0   790   0   0   0   
0   18   3   55   0   47   0   171   0   0   140   0   0   81   0   0   16   0   3   0   2   0   1   0   0   0   0   0   1302   46   0   1   0   0   436   0   0   0   7771   0   0   0   0   533   10   96   0   0   0   0   
0   28   0   0   1   0   0   0   0   2   1   2   3   12   0   0   0   98   0   128   564   101   0   204   0   0   614   125   1772   0   0   2   1   1041   0   1   0   5   920   613   24   0   22   3925   0   0   6   0   0   1   
0   543   10   3511   0   0   3979   0   4993   0   0   1   0   0   0   0   3   42   0   0   0   861   0   0   45   1   0   3   0   0   0   566   0   661   0   0   0   0   0   0   0   7270   0   0   0   0   2028   406   47   486   
0   0   0   0   0   0   0   2   79   47   0   147   51   0   0   0   1   0   1124   0   98   4593   0   2   1   0   1483   0   0   11   0   0   0   147   0   0   0   1909   0   0   0   0   14   0   0   0   16   74   0   17   
0   0   0   0   0   255   0   0   0   0   0   0   2622   5791   0   0   0   1   0   0   0   0   350   0   0   0   1   18   3051   9   1066   533   0   0   0   0   0   0   0   0   0   0   3128   0   0   0   15   4   346   5030   
0   1181   0   121   0   770   0   0   0   1152   0   0   449   0   7154   0   11   0   0   0   0   0   12   0   0   2   0   3   0   695   0   0   0   7526   0   0   477   0   6   284   6198   1   9   1631   28   0   161   40   2   54   
0   1   0   175   1   2001   0   0   0   0   11   153   5   0   14   0   10   0   172   71   2598   0   0   1   9   0   4   0   0   1933   0   0   74   1   8   0   0   10   6   151   110   1631   5670   0   0   81   0   8   0   0   
790   0   0   0   7   0   0   204   0   0   0   0   95   0   192   6045   0   2669   12   7   309   1   0   675   11   0   0   28   179   0   27   0   0   0   2   9   22   0   0   0   1   0   1243   33   2   0   1   0   0   0   
0   0   0   2   0   3591   0   0   1575   1   920   0   6545   11   0   1   1250   138   0   0   1   7204   0   3   0   0   1457   0   0   6   0   400   0   94   0   1   2629   0   0   0   0   4256   0   1   108   0   6878   0   0   35   
0   0   1626   315   187   0   0   0   0   0   0   0   0   0   0   1   107   0   187   2   0   0   0   4428   4   0   131   0   236   23   0   689   0   110   0   0   0   175   34   0   1   0   0   0   2   6496   0   0   4   0   
