50
0   7984   5743   6225   6530   8176   9224   2929   6234   2378   8905   5526   1817   11109   7150   2550   3350   3407   6070   7938   5100   1298   3555   9745   4833   9548   2461   7188   11683   5138   0   7895   7649   4161   7188   2351   3120   7152   2275   5464   7150   6475   2918   8182   9627   10339   6610   5736   4933   4933   
7984   0   5392   4091   4643   12455   2419   9474   6963   2929   9159   3680   8159   1425   8324   8022   5138   5593   4209   12339   3884   6058   5612   6812   7404   6385   1425   7194   9905   4928   3345   8076   8940   3772   3530   10391   9322   4668   2378   8780   6385   9322   9581   3118   10235   6878   1278   8504   9325   2934   
5743   5392   0   8782   1858   6212   10391   7997   7150   2605   4822   4725   10699   9718   7713   3555   7379   1858   2720   7942   3823   6217   12653   8166   3225   8867   3317   1192   4379   4053   9354   2625   8507   9925   12433   5443   3118   11786   4450   7133   3194   7194   6908   5915   1015   7823   5263   3870   3194   7675   
6225   4091   8782   0   10471   3870   9298   3811   8672   6812   7177   2578   4950   1913   9937   1543   9298   4475   10096   6530   5915   7529   7005   7862   5736   6217   8532   2328   5740   3530   9146   7177   625   9380   8445   3131   4028   4091   8405   2129   7025   3172   2303   3361   11293   7823   8967   7347   4475   7194   
6530   4643   1858   10471   0   625   8445   9430   1425   6522   6813   9002   12650   7871   3555   7591   3345   3058   9125   6263   4628   7289   9736   1192   3175   4658   8076   8782   5452   5418   6835   5898   3970   7992   9423   8584   5414   3194   1241   9126   8884   6453   5100   5414   3125   9292   3099   3483   2071   0   
8176   12455   6212   3870   625   0   4575   6226   8337   5909   8465   1425   6352   5725   1223   1985   6616   863   2976   781   5235   6570   6594   10163   3469   9906   5354   1817   8531   5212   2918   9159   11065   5911   8054   9661   11103   738   2308   4270   8495   10163   3819   9948   1690   8345   5559   7362   6497   2757   
9224   2419   10391   9298   8445   4575   0   10350   10907   3085   5457   1297   5725   1350   5138   8534   5612   1858   3897   2380   4826   8782   2764   3225   6225   9905   9999   8041   6161   7177   9460   2625   9524   1607   8562   4910   7194   7871   9736   3225   10907   5591   5725   4930   4775   3432   8747   6850   9745   8960   
2929   9474   7997   3811   9430   6226   10350   0   11365   7186   5958   7379   3131   10318   9902   3129   11008   3884   11052   10030   12089   10089   7591   2071   7895   7829   6934   5591   8025   2550   3558   8177   7816   1350   7591   8337   2578   9311   3225   6385   8343   4244   2380   1817   10311   1130   10825   6321   8782   9694   
6234   6963   7150   8672   1425   8337   10907   11365   0   3868   6623   7529   2550   3380   10471   5911   1975   2720   1015   4234   3714   4495   9760   8495   7726   7361   799   8465   7005   7086   9951   2201   9669   7116   9430   1982   6695   3432   4822   6058   7194   7362   5933   9996   7829   8275   9002   5132   10725   3530   
2378   2929   2605   6812   6522   5909   3085   7186   3868   0   8345   10167   11065   3345   8353   2705   7442   2129   2550   4658   11365   7150   3345   7114   4749   10096   8495   4933   7356   6415   8627   2201   9298   8220   4948   10744   10163   706   9376   5725   8495   10089   3870   5895   7895   6573   8468   4270   4434   8159   
8905   9159   4822   7177   6813   8465   5457   5958   6623   8345   0   8839   2071   3004   1192   2378   5911   1621   7187   6530   5630   4724   1420   706   1982   3868   5100   6058   6263   9745   800   4837   4450   7152   6656   7168   5836   6217   6758   5100   4952   625   7194   9905   800   5769   5333   2934   8782   3432   
5526   3680   4725   2578   9002   1425   1297   7379   7529   10167   8839   0   6225   7918   3863   7150   8343   3377   5452   8779   11214   9411   2532   2522   1858   8182   3884   9235   6522   8182   3870   3099   3058   11137   8777   10318   4952   6755   8782   7722   3131   11103   2720   10095   9517   3125   5607   4244   2605   7650   
1817   8159   10699   4950   12650   6352   5725   3131   2550   11065   2071   6225   0   8287   5434   3225   2570   5987   2948   9777   3932   2551   3172   5985   11590   8324   10676   6653   7362   1607   8220   5175   5818   11109   7742   7005   5911   9858   10963   10160   8182   5977   3432   10936   2570   5354   1425   7526   4333   12542   
11109   1425   9718   1913   7871   5725   1350   10318   3380   3345   3004   7918   8287   0   5488   3225   3772   8337   7382   9380   1425   9592   1740   6520   4950   4831   706   4028   1015   8723   9760   11206   2551   9282   4668   7152   5654   2528   1975   8737   6758   3819   3702   4546   8343   3158   5413   11700   4379   5303   
7150   8324   7713   9937   3555   1223   5138   9902   10471   8353   1192   3863   5434   5488   0   4808   10863   1982   7297   7650   6251   6554   12645   9906   12321   5418   9298   2432   1093   1985   2323   4763   2948   6608   4578   10863   9905   3120   1817   2129   7675   9159   5100   6442   4950   9694   7591   8131   4910   7261   
2550   8022   3555   1543   7591   1985   8534   3129   5911   2705   2378   7150   3225   3225   4808   0   3225   3131   5447   9245   10411   4305   4073   7816   10471   1320   7177   9040   11786   4053   3932   7650   2605   4091   6071   2308   2129   9269   9592   1223   9925   10362   4668   9715   7942   10329   8782   6225   5559   2419   
3350   5138   7379   9298   3345   6616   5612   11008   1975   7442   5911   8343   2570   3772   10863   3225   0   3225   5100   9678   4462   4300   7289   6070   3530   4005   5573   7816   0   7979   3175   9686   7404   13526   3739   1223   4546   6610   7548   11502   7362   3932   2550   10167   6748   4234   2913   10329   4305   5554   
3407   5593   1858   4475   3058   863   1858   3884   2720   2129   1621   3377   5987   8337   1982   3131   3225   0   12134   1130   8415   7535   4005   9661   10863   3225   5227   8602   5898   5431   6315   863   2432   7823   7786   10733   7361   8054   4952   5414   3131   8357   7535   3172   625   3897   5830   9715   5100   5100   
6070   4209   2720   10096   9125   2976   3897   11052   1015   2550   7187   5452   2948   7382   7297   5447   5100   12134   0   9275   9206   1320   8337   9377   8434   11399   1755   7261   3884   8159   4578   6578   1543   3225   8581   4450   1297   2532   1278   6549   5607   8434   0   5985   706   9905   7194   8684   6813   8855   
7938   12339   7942   6530   6263   781   2380   10030   4234   4658   6530   8779   9777   9380   7650   9245   9678   1130   9275   0   9669   3407   3350   3932   0   7043   8855   3530   8942   4209   800   10162   6889   2605   2323   7194   795   8782   7706   5976   5911   5177   9736   8782   9718   5237   7591   5554   6812   5985   
5100   3884   3823   5915   4628   5235   4826   12089   3714   11365   5630   11214   3932   1425   6251   10411   4462   8415   9206   9669   0   8343   9002   6019   6963   11722   7114   2948   2868   7675   8883   5100   8531   5898   10095   3172   9714   8355   1690   8176   2550   10716   5818   8380   3884   5354   4891   6573   5130   9282   
1298   6058   6217   7529   7289   6570   8782   10089   4495   7150   4724   9411   2551   9592   6554   4305   4300   7535   1320   3407   8343   0   7591   7895   10089   5725   9993   10471   8281   4475   6475   3377   5469   2642   1425   4305   3225   5488   7862   7334   5521   6600   7816   6525   4184   7379   9661   6755   3094   3131   
3555   5612   12653   7005   9736   6594   2764   7591   9760   3345   1420   2532   3172   1740   12645   4073   7289   4005   8337   3350   9002   7591   0   5469   5521   8146   8047   11515   6011   5227   0   9183   8782   8065   8244   781   4658   9524   7535   5895   5725   4028   6522   5769   0   7895   8809   6835   8640   795   
9745   6812   8166   7862   1192   10163   3225   2071   8495   7114   706   2522   5985   6520   9906   7816   6070   9661   9377   3932   6019   7895   5469   0   9474   7177   8116   6758   6522   11604   6617   4475   1858   7188   5447   5100   8779   3345   3131   8520   3257   706   7591   2071   10471   1985   6600   5434   4462   7150   
4833   7404   3225   5736   3175   3469   6225   7895   7726   4749   1982   1858   11590   4950   12321   10471   3530   10863   8434   0   6963   10089   5521   9474   0   1858   9095   8293   5263   5100   6530   4005   1975   7984   6132   2570   3162   7187   10696   1573   7529   5818   1679   7356   10095   7713   5438   5933   8343   9901   
9548   6385   8867   6217   4658   9906   9905   7829   7361   10096   3868   8182   8324   4831   5418   1320   4005   3225   11399   7043   11722   5725   8146   7177   1858   0   4175   11468   12783   5654   10213   6608   7262   8519   4668   4708   5898   8584   7650   4263   5132   7274   7193   6755   8215   5175   2913   9483   9002   10372   
2461   1425   3317   8532   8076   5354   9999   6934   799   8495   5100   3884   10676   706   9298   7177   5573   5227   1755   8855   7114   9993   8047   8116   9095   4175   0   2550   7289   3714   1425   8958   10318   7356   3819   4668   8176   4475   5900   6225   11012   9572   5612   7842   5743   9676   800   5333   2814   4628   
7188   7194   1192   2328   8782   1817   8041   5591   8465   4933   6058   9235   6653   4028   2432   9040   7816   8602   7261   3530   2948   10471   11515   6758   8293   11468   2550   0   8801   5973   11798   10335   7046   2071   1297   6217   1967   7480   2912   2550   6480   7722   3172   5354   7177   6058   8465   1015   7265   8058   
11683   9905   4379   5740   5452   8531   6161   8025   7005   7356   6263   6522   7362   1015   1093   11786   0   5898   3884   8942   2868   8281   6011   6522   5263   12783   7289   8801   0   5333   0   3162   4808   4826   8611   7177   5100   6166   8802   7187   7041   5537   7238   6620   7347   4475   4091   8982   7177   7871   
5138   4928   4053   3530   5418   5212   7177   2550   7086   6415   9745   8182   1607   8723   1985   4053   7979   5431   8159   4209   7675   4475   5227   11604   5100   5654   3714   5973   5333   0   10290   3498   11798   3100   8182   2138   2578   2328   9934   5414   8473   8355   5457   7969   2550   7591   5973   10217   3303   8343   
0   3345   9354   9146   6835   2918   9460   3558   9951   8627   800   3870   8220   9760   2323   3932   3175   6315   4578   800   8883   6475   0   6617   6530   10213   1425   11798   0   10290   0   5573   7863   9292   9748   5976   8283   8047   3345   5354   6241   8861   7000   2642   1858   3380   4930   2764   7775   4643   
7895   8076   2625   7177   5898   9159   2625   8177   2201   2201   4837   3099   5175   11206   4763   7650   9686   863   6578   10162   5100   3377   9183   4475   4005   6608   8958   10335   3162   3498   5573   0   4833   4022   10411   7193   2550   6616   10315   5526   625   5100   1278   2863   6755   1015   4933   9311   779   2328   
7649   8940   8507   625   3970   11065   9524   7816   9669   9298   4450   3058   5818   2551   2948   2605   7404   2432   1543   6889   8531   5469   8782   1858   1975   7262   10318   7046   4808   11798   7863   4833   0   8468   2642   9430   4546   6748   2311   8128   8531   4005   7736   706   11012   3303   6610   12027   2311   10772   
4161   3772   9925   9380   7992   5911   1607   1350   7116   8220   7152   11137   11109   9282   6608   4091   13526   7823   3225   2605   5898   2642   8065   7188   7984   8519   7356   2071   4826   3100   9292   4022   8468   0   8182   3100   4838   5138   3158   1093   4263   7893   7321   2201   12455   9100   5469   639   0   8100   
7188   3530   12433   8445   9423   8054   8562   7591   9430   4948   6656   8777   7742   4668   4578   6071   3739   7786   8581   2323   10095   1425   8244   5447   6132   4668   3819   1297   8611   8182   9748   10411   2642   8182   0   9753   7816   8839   10089   7112   10163   6573   7461   1277   10869   7379   0   8584   4843   6706   
2351   10391   5443   3131   8584   9661   4910   8337   1982   10744   7168   10318   7005   7152   10863   2308   1223   10733   4450   7194   3172   4305   781   5100   2570   4708   4668   6217   7177   2138   5976   7193   9430   3100   9753   0   9292   4628   3129   4936   4837   2814   4040   6173   5542   2160   11683   10643   8182   4578   
3120   9322   3118   4028   5414   11103   7194   2578   6695   10163   5836   4952   5911   5654   9905   2129   4546   7361   1297   795   9714   3225   4658   8779   3162   5898   8176   1967   5100   2578   8283   2550   4546   4838   7816   9292   0   4176   708   10802   9736   6315   2642   9474   4005   6748   7726   1320   4808   7150   
7152   4668   11786   4091   3194   738   7871   9311   3432   706   6217   6755   9858   2528   3120   9269   6610   8054   2532   8782   8355   5488   9524   3345   7187   8584   4475   7480   6166   2328   8047   6616   6748   5138   8839   4628   4176   0   2532   2578   8850   3739   10095   4831   4091   3680   5175   11642   3131   1858   
2275   2378   4450   8405   1241   2308   9736   3225   4822   9376   6758   8782   10963   1975   1817   9592   7548   4952   1278   7706   1690   7862   7535   3131   10696   7650   5900   2912   8802   9934   3345   10315   2311   3158   10089   3129   708   2532   0   3555   6656   7738   795   7334   6173   9902   2185   11325   5521   4145   
5464   8780   7133   2129   9126   4270   3225   6385   6058   5725   5100   7722   10160   8737   2129   1223   11502   5414   6549   5976   8176   7334   5895   8520   1573   4263   6225   2550   7187   5414   5354   5526   8128   1093   7112   4936   10802   2578   3555   0   3952   706   2814   4300   8684   7048   2550   3702   8343   7650   
7150   6385   3194   7025   8884   8495   10907   8343   7194   8495   4952   3131   8182   6758   7675   9925   7362   3131   5607   5911   2550   5521   5725   3257   7529   5132   11012   6480   7041   8473   6241   625   8531   4263   10163   4837   9736   8850   6656   3952   0   2380   10617   1925   5462   3194   4950   6617   2551   1375   
6475   9322   7194   3172   6453   10163   5591   4244   7362   10089   625   11103   5977   3819   9159   10362   3932   8357   8434   5177   10716   6600   4028   706   5818   7274   9572   7722   5537   8355   8861   5100   4005   7893   6573   2814   6315   3739   7738   706   2380   0   10595   6695   5644   7005   2328   9050   8295   6527   
2918   9581   6908   2303   5100   3819   5725   2380   5933   3870   7194   2720   3432   3702   5100   4668   2550   7535   0   9736   5818   7816   6522   7591   1679   7193   5612   3172   7238   5457   7000   1278   7736   7321   7461   4040   2642   10095   795   2814   10617   10595   0   7150   9970   4891   8293   2642   1435   8473   
8182   3118   5915   3361   5414   9948   4930   1817   9996   5895   9905   10095   10936   4546   6442   9715   10167   3172   5985   8782   8380   6525   5769   2071   7356   6755   7842   5354   6620   7969   2642   2863   706   2201   1277   6173   9474   4831   7334   4300   1925   6695   7150   0   4263   6236   8059   7942   8054   3131   
9627   10235   1015   11293   3125   1690   4775   10311   7829   7895   800   9517   2570   8343   4950   7942   6748   625   706   9718   3884   4184   0   10471   10095   8215   5743   7177   7347   2550   1858   6755   11012   12455   10869   5542   4005   4091   6173   8684   5462   5644   9970   4263   0   3823   5235   7726   11641   8446   
10339   6878   7823   7823   9292   8345   3432   1130   8275   6573   5769   3125   5354   3158   9694   10329   4234   3897   9905   5237   5354   7379   7895   1985   7713   5175   9676   6058   4475   7591   3380   1015   3303   9100   7379   2160   6748   3680   9902   7048   3194   7005   4891   6236   3823   0   11907   9057   7361   8531   
6610   1278   5263   8967   3099   5559   8747   10825   9002   8468   5333   5607   1425   5413   7591   8782   2913   5830   7194   7591   4891   9661   8809   6600   5438   2913   800   8465   4091   5973   4930   4933   6610   5469   0   11683   7726   5175   2185   2550   4950   2328   8293   8059   5235   11907   0   6623   6600   7591   
5736   8504   3870   7347   3483   7362   6850   6321   5132   4270   2934   4244   7526   11700   8131   6225   10329   9715   8684   5554   6573   6755   6835   5434   5933   9483   5333   1015   8982   10217   2764   9311   12027   639   8584   10643   1320   11642   11325   3702   6617   9050   2642   7942   7726   9057   6623   0   1223   2863   
4933   9325   3194   4475   2071   6497   9745   8782   10725   4434   8782   2605   4333   4379   4910   5559   4305   5100   6813   6812   5130   3094   8640   4462   8343   9002   2814   7265   7177   3303   7775   779   2311   0   4843   8182   4808   3131   5521   8343   2551   8295   1435   8054   11641   7361   6600   1223   0   3932   
4933   2934   7675   7194   0   2757   8960   9694   3530   8159   3432   7650   12542   5303   7261   2419   5554   5100   8855   5985   9282   3131   795   7150   9901   10372   4628   8058   7871   8343   4643   2328   10772   8100   6706   4578   7150   1858   4145   7650   1375   6527   8473   3131   8446   8531   7591   2863   3932   0   
