50
0   2848   4068   3802   5214   4358   2450   4260   5980   6662   8486   7484   0   2841   6089   5479   5351   8108   6800   1765   4244   8032   1545   4624   4151   2980   3091   7890   8038   2078   6698   5237   780   4819   1123   3870   8707   10063   9153   5236   9018   6158   4507   1346   5734   8311   6806   6557   2122   2184   
2848   0   1920   4020   1089   4506   5764   6027   1702   10026   6505   6712   9127   312   2082   8242   2612   7419   7918   2061   8419   5348   5667   7358   10278   2150   7452   5849   6119   1944   3647   4492   5736   3647   2808   9247   7492   1575   624   8683   9778   2440   10125   8765   10176   7967   7255   2429   813   2340   
4068   1920   0   4831   1476   3578   7253   8166   7817   8076   7512   7376   1838   5516   7952   8041   8406   5964   3427   6483   6138   6436   7319   2450   7151   10603   9109   6530   10280   8537   8625   7325   5391   7775   1817   8994   6164   7227   4576   11562   1169   7670   951   6230   2281   9238   6858   6453   3280   5362   
3802   4020   4831   0   3839   7595   4293   6615   2900   9447   1140   7916   8642   8235   1555   8814   3097   9355   5469   2062   6198   4454   11543   468   9709   4457   312   4070   2885   4683   6803   5240   2440   3327   3237   5955   8553   4132   5896   5268   8160   6671   8038   300   5209   5869   0   8307   1697   8420   
5214   1089   1476   3839   0   8304   8722   9009   3080   6518   4495   3981   5543   7057   5521   7079   7395   8174   1833   4611   4411   8449   10215   1068   6321   7913   4631   5330   5344   1716   11109   7439   9012   10695   5623   8618   2697   8137   8945   2061   9440   6719   7720   11606   1504   1944   4331   8256   2121   6073   
4358   4506   3578   7595   8304   0   7392   6475   5650   3970   4319   5214   6983   6250   9613   4305   9617   6763   3835   8449   8206   8079   7375   1500   750   8437   6453   0   6212   2403   2151   900   2980   5773   7350   9201   7005   8745   2888   9041   4301   2848   5283   1838   0   11507   3808   7570   3558   8319   
2450   5764   7253   4293   8722   7392   0   7273   4031   1903   0   6259   6375   6563   6697   8152   5581   6862   1089   6762   5014   642   6753   3982   7452   3875   7712   5553   4059   2895   7491   4614   7258   6025   7925   6439   5523   5686   3952   5658   9124   5736   2261   6172   8657   4049   7355   4812   5452   10770   
4260   6027   8166   6615   9009   6475   7273   0   6751   936   3524   6788   2058   6714   3206   7392   7214   6567   624   11407   6548   8162   1872   5634   7585   3830   6750   7226   2916   4475   4433   7592   6376   2373   6511   3353   10099   9861   6533   9268   7313   624   7884   5751   8420   6174   7468   5598   7348   7053   
5980   1702   7817   2900   3080   5650   4031   6751   0   6861   5977   5516   7869   5301   4804   5764   5690   6636   4040   1140   1118   7105   7082   1975   4326   6628   5837   1555   4277   632   8099   2170   5366   9464   6331   7298   5055   5687   5724   6011   900   4106   4086   954   8039   3121   11262   4035   5781   5543   
6662   10026   8076   9447   6518   3970   1903   936   6861   0   5634   6660   7210   2529   9177   5798   6972   4928   7484   7328   5473   2634   2655   0   6678   2808   2778   4048   0   4293   7678   5622   2028   7796   6036   4701   4922   3061   7585   6155   1404   5563   9520   5894   1904   7531   8718   5812   4553   7243   
8486   6505   7512   1140   4495   4319   0   3524   5977   5634   0   2427   9355   5051   6044   7537   6200   5925   5716   7651   3277   8204   5132   9616   7640   4405   3736   5366   3850   7328   9926   4639   1404   9751   10172   5067   625   7024   4934   3486   312   3758   3305   4778   0   2676   5257   3120   1092   9913   
7484   6712   7376   7916   3981   5214   6259   6788   5516   6660   2427   0   5350   6631   5303   3695   4393   5556   5364   8645   6613   2031   3558   8533   7084   3077   2848   2340   7699   9175   2850   1089   6048   936   1666   5769   6869   3789   7024   5111   7218   6392   6440   6606   780   2602   4929   7640   4462   0   
0   9127   1838   8642   5543   6983   6375   2058   7869   7210   9355   5350   0   1872   5247   8065   3075   8212   3970   1417   6423   7796   5389   6403   8756   9776   2114   7684   7511   6745   7295   6999   3219   1799   2370   1248   8532   4553   8893   1937   5148   3432   2413   2164   6308   5638   5649   2864   4819   7805   
2841   312   5516   8235   7057   6250   6563   6714   5301   2529   5051   6631   1872   0   7470   8262   5329   6668   2959   1986   6912   5999   5150   6068   5378   11331   6759   1745   4608   2811   7256   1446   7566   8506   7259   5796   5401   2885   9247   954   156   5536   4373   8420   2184   4391   156   6179   10410   7151   
6089   2082   7952   1555   5521   9613   6697   3206   4804   9177   6044   5303   5247   7470   0   9077   9630   6329   5090   5716   3767   8153   7375   8220   10928   6586   312   4770   6654   10308   3689   5138   8813   7875   1421   9951   6000   2504   9004   2538   3037   750   1878   5665   7675   7684   3875   2515   7785   9012   
5479   8242   8041   8814   7079   4305   8152   7392   5764   5798   7537   3695   8065   8262   9077   0   1775   2035   6339   2619   5667   2461   5472   7675   7812   7934   3128   4493   8888   7412   4031   3719   9776   1384   5126   4686   5216   3375   4571   9274   9285   5530   3790   8431   2132   9845   8618   5905   8245   6664   
5351   2612   8406   3097   7395   9617   5581   7214   5690   6972   6200   4393   3075   5329   9630   1775   0   3249   4155   9665   5245   1248   4192   8307   7811   7456   4025   8101   4815   1800   6563   11973   4033   5341   5736   11689   2130   8103   8084   780   866   1702   7096   6861   9372   7825   6284   7912   8675   6305   
8108   7419   5964   9355   8174   6763   6862   6567   6636   4928   5925   5556   8212   6668   6329   2035   3249   0   1716   936   8137   1595   9802   378   1995   5464   6307   10086   4692   8375   6747   6725   6765   7952   3986   5653   4906   6427   302   3301   6040   2602   1767   2122   1728   3648   10709   3790   7921   9722   
6800   7918   3427   5469   1833   3835   1089   624   4040   7484   5716   5364   3970   2959   5090   6339   4155   1716   0   7024   7252   3600   1615   6837   9282   2753   3981   9561   6415   2083   2467   5587   5442   6561   5457   7074   11432   8431   1529   1488   6915   7553   9175   6112   7888   2200   9613   7071   8326   5783   
1765   2061   6483   2062   4611   8449   6762   11407   1140   7328   7651   8645   1417   1986   5716   2619   9665   936   7024   0   5594   6294   4258   10278   1975   3542   1092   4786   2650   2353   6697   2078   7381   5205   6902   7426   9288   6690   9613   3075   2808   6956   696   8576   6124   2639   1601   9650   6032   7238   
4244   8419   6138   6198   4411   8206   5014   6548   1118   5473   3277   6613   6423   6912   3767   5667   5245   8137   7252   5594   0   11860   6004   4968   2934   5196   656   7354   1972   9181   468   5921   3613   6283   2134   6275   7676   2211   6898   6032   4636   7950   1736   6123   1362   2365   2795   6154   6661   5208   
8032   5348   6436   4454   8449   8079   642   8162   7105   2634   8204   2031   7796   5999   8153   2461   1248   1595   3600   6294   11860   0   2438   8580   8511   2348   9398   3671   7815   1975   6696   7064   8144   10572   6660   10026   9816   2874   2091   7780   5690   4301   3568   1833   6331   8037   3527   10313   8614   6993   
1545   5667   7319   11543   10215   7375   6753   1872   7082   2655   5132   3558   5389   5150   7375   5472   4192   9802   1615   4258   6004   2438   0   1209   1975   6895   1404   5237   7566   9202   1427   3077   3025   8735   7712   5536   4353   7681   6407   1477   2885   6729   5314   8262   624   7984   5679   1930   1680   9246   
4624   7358   2450   468   1068   1500   3982   5634   1975   0   9616   8533   6403   6068   8220   7675   8307   378   6837   10278   4968   8580   1209   0   8737   10947   7016   2376   4575   6139   1123   9497   5553   5437   4624   7950   5963   8866   7825   1388   11372   3835   7451   8160   2028   2743   2910   7484   2804   5525   
4151   10278   7151   9709   6321   750   7452   7585   4326   6678   7640   7084   8756   5378   10928   7812   7811   1995   9282   1975   2934   8511   1975   8737   0   3473   7221   7351   3932   7920   2165   7082   9246   2184   2625   2330   5540   5099   8103   5777   4533   6771   6324   6628   1404   780   2934   5312   5252   6606   
2980   2150   10603   4457   7913   8437   3875   3830   6628   2808   4405   3077   9776   11331   6586   7934   7456   5464   2753   3542   5196   2348   6895   10947   3473   0   6286   9510   9729   7905   1726   2885   4348   11738   2780   10628   7143   11516   4698   3325   5673   1529   3575   2524   2326   1231   5922   2351   1578   5781   
3091   7452   9109   312   4631   6453   7712   6750   5837   2778   3736   2848   2114   6759   312   3128   4025   6307   3981   1092   656   9398   1404   7016   7221   6286   0   7885   9097   8657   6378   9398   8586   6678   8204   5195   5798   780   5056   4275   1734   7276   1560   1092   6643   6838   6483   2594   2010   1265   
7890   5849   6530   4070   5330   0   5553   7226   1555   4048   5366   2340   7684   1745   4770   4493   8101   10086   9561   4786   7354   3671   5237   2376   7351   9510   7885   0   2295   3130   7825   1930   6048   1100   5680   4758   1469   5926   6308   8069   7005   6158   3835   747   5196   7166   9181   7089   8726   4841   
8038   6119   10280   2885   5344   6212   4059   2916   4277   0   3850   7699   7511   4608   6654   8888   4815   4692   6415   2650   1972   7815   7566   4575   3932   9729   9097   2295   0   8160   5736   5110   6464   954   4601   7869   7532   5283   8106   780   8904   1716   7210   5250   3929   7382   2968   3521   468   156   
2078   1944   8537   4683   1716   2403   2895   4475   632   4293   7328   9175   6745   2811   10308   7412   1800   8375   2083   2353   9181   1975   9202   6139   7920   7905   8657   3130   8160   0   2136   2597   7839   2927   6507   7129   6068   6097   6761   2575   312   4515   6639   0   6177   2838   9110   1627   2780   9845   
6698   3647   8625   6803   11109   2151   7491   4433   8099   7678   9926   2850   7295   7256   3689   4031   6563   6747   2467   6697   468   6696   1427   1123   2165   1726   6378   7825   5736   2136   0   8227   9778   1119   6048   8926   10272   7173   5208   10741   2748   3781   6768   8027   1848   4636   4353   8363   2440   2750   
5237   4492   7325   5240   7439   900   4614   7592   2170   5622   4639   1089   6999   1446   5138   3719   11973   6725   5587   2078   5921   7064   3077   9497   7082   2885   9398   1930   5110   2597   8227   0   6714   8217   1767   2478   312   8994   9900   6139   5205   5921   2431   6395   7568   2887   9879   9852   5367   6704   
780   5736   5391   2440   9012   2980   7258   6376   5366   2028   1404   6048   3219   7566   8813   9776   4033   6765   5442   7381   3613   8144   3025   5553   9246   4348   8586   6048   6464   7839   9778   6714   0   10086   5950   4073   8833   8050   9274   1697   5373   8532   2810   4349   1119   8048   780   1119   5996   8925   
4819   3647   7775   3327   10695   5773   6025   2373   9464   7796   9751   936   1799   8506   7875   1384   5341   7952   6561   5205   6283   10572   8735   5437   2184   11738   6678   1100   954   2927   1119   8217   10086   0   6668   6547   10854   312   2028   8190   3952   1788   6660   6980   2928   3245   9830   8501   7511   7918   
1123   2808   1817   3237   5623   7350   7925   6511   6331   6036   10172   1666   2370   7259   1421   5126   5736   3986   5457   6902   2134   6660   7712   4624   2625   2780   8204   5680   4601   6507   6048   1767   5950   6668   0   1404   1375   8576   9738   8167   5660   7619   4151   1575   5675   5690   5275   3464   4891   8833   
3870   9247   8994   5955   8618   9201   6439   3353   7298   4701   5067   5769   1248   5796   9951   4686   11689   5653   7074   7426   6275   10026   5536   7950   2330   10628   5195   4758   7869   7129   8926   2478   4073   6547   1404   0   5372   5716   5748   8968   9399   5190   7053   4553   2946   6840   3219   7796   5080   3087   
8707   7492   6164   8553   2697   7005   5523   10099   5055   4922   625   6869   8532   5401   6000   5216   2130   4906   11432   9288   7676   9816   4353   5963   5540   7143   5798   1469   7532   6068   10272   312   8833   10854   1375   5372   0   11245   5246   8420   6933   9389   2853   9251   6732   9444   6933   1745   2091   2655   
10063   1575   7227   4132   8137   8745   5686   9861   5687   3061   7024   3789   4553   2885   2504   3375   8103   6427   8431   6690   2211   2874   7681   8866   5099   11516   780   5926   5283   6097   7173   8994   8050   312   8576   5716   11245   0   312   5864   656   8723   5160   2605   1249   6601   7395   5917   2281   7741   
9153   624   4576   5896   8945   2888   3952   6533   5724   7585   4934   7024   8893   9247   9004   4571   8084   302   1529   9613   6898   2091   6407   7825   8103   4698   5056   6308   8106   6761   5208   9900   9274   2028   9738   5748   5246   312   0   6790   8564   3958   10021   3892   1373   4010   10111   1421   3893   5346   
5236   8683   11562   5268   2061   9041   5658   9268   6011   6155   3486   5111   1937   954   2538   9274   780   3301   1488   3075   6032   7780   1477   1388   5777   3325   4275   8069   780   2575   10741   6139   1697   8190   8167   8968   8420   5864   6790   0   2113   936   3091   1116   5814   780   6958   6855   3929   5842   
9018   9778   1169   8160   9440   4301   9124   7313   900   1404   312   7218   5148   156   3037   9285   866   6040   6915   2808   4636   5690   2885   11372   4533   5673   1734   7005   8904   312   2748   5205   5373   3952   5660   9399   6933   656   8564   2113   0   2214   4764   1084   5059   3226   2855   7294   4737   9452   
6158   2440   7670   6671   6719   2848   5736   624   4106   5563   3758   6392   3432   5536   750   5530   1702   2602   7553   6956   7950   4301   6729   3835   6771   1529   7276   6158   1716   4515   3781   5921   8532   1788   7619   5190   9389   8723   3958   936   2214   0   7103   10750   8116   7988   7368   4248   7806   936   
4507   10125   951   8038   7720   5283   2261   7884   4086   9520   3305   6440   2413   4373   1878   3790   7096   1767   9175   696   1736   3568   5314   7451   6324   3575   1560   3835   7210   6639   6768   2431   2810   6660   4151   7053   2853   5160   10021   3091   4764   7103   0   5700   1297   6731   7419   4500   7053   4971   
1346   8765   6230   300   11606   1838   6172   5751   954   5894   4778   6606   2164   8420   5665   8431   6861   2122   6112   8576   6123   1833   8262   8160   6628   2524   1092   747   5250   0   8027   6395   4349   6980   1575   4553   9251   2605   3892   1116   1084   10750   5700   0   5247   10928   7859   2483   2003   3863   
5734   10176   2281   5209   1504   0   8657   8420   8039   1904   0   780   6308   2184   7675   2132   9372   1728   7888   6124   1362   6331   624   2028   1404   2326   6643   5196   3929   6177   1848   7568   1119   2928   5675   2946   6732   1249   1373   5814   5059   8116   1297   5247   0   4214   6856   8893   1468   7147   
8311   7967   9238   5869   1944   11507   4049   6174   3121   7531   2676   2602   5638   4391   7684   9845   7825   3648   2200   2639   2365   8037   7984   2743   780   1231   6838   7166   7382   2838   4636   2887   8048   3245   5690   6840   9444   6601   4010   780   3226   7988   6731   10928   4214   0   1529   6309   1349   1092   
6806   7255   6858   0   4331   3808   7355   7468   11262   8718   5257   4929   5649   156   3875   8618   6284   10709   9613   1601   2795   3527   5679   2910   2934   5922   6483   9181   2968   9110   4353   9879   780   9830   5275   3219   6933   7395   10111   6958   2855   7368   7419   7859   6856   1529   0   10441   8933   4086   
6557   2429   6453   8307   8256   7570   4812   5598   4035   5812   3120   7640   2864   6179   2515   5905   7912   3790   7071   9650   6154   10313   1930   7484   5312   2351   2594   7089   3521   1627   8363   9852   1119   8501   3464   7796   1745   5917   1421   6855   7294   4248   4500   2483   8893   6309   10441   0   5457   6087   
2122   813   3280   1697   2121   3558   5452   7348   5781   4553   1092   4462   4819   10410   7785   8245   8675   7921   8326   6032   6661   8614   1680   2804   5252   1578   2010   8726   468   2780   2440   5367   5996   7511   4891   5080   2091   2281   3893   3929   4737   7806   7053   2003   1468   1349   8933   5457   0   1910   
2184   2340   5362   8420   6073   8319   10770   7053   5543   7243   9913   0   7805   7151   9012   6664   6305   9722   5783   7238   5208   6993   9246   5525   6606   5781   1265   4841   156   9845   2750   6704   8925   7918   8833   3087   2655   7741   5346   5842   9452   936   4971   3863   7147   1092   4086   6087   1910   0   
