50
0   144   1944   300   13   984   1570   177   971   941   963   395   1164   964   404   381   1041   620   974   1904   1084   305   1190   982   176   102   2020   288   76   67   242   1975   1407   1188   355   648   13   1065   168   1420   1109   1061   128   336   1936   633   1206   66   1388   1111   
144   0   893   1486   637   2008   939   1248   351   457   479   1128   1585   637   1188   2049   1130   1250   0   902   1144   88   349   113   1149   173   342   187   68   197   635   211   647   284   2046   981   902   15   1586   83   1089   51   803   1   1121   1599   616   1362   0   367   
1944   893   0   613   48   636   1401   1539   1147   904   1437   1202   963   2018   12   1188   434   1310   443   193   184   1120   952   1128   376   1447   3   963   215   60   881   0   1130   2011   1533   1096   637   1371   261   0   1104   1252   1562   640   913   1192   184   502   21   911   
300   1486   613   0   53   1438   313   311   427   238   799   1158   1202   592   987   265   325   308   440   2014   1128   1060   274   91   2024   1038   1100   266   1080   497   1121   925   1392   26   313   1096   46   907   1031   333   1173   1516   414   586   110   38   1202   283   989   260   
13   637   48   53   0   1027   1998   1210   934   291   73   313   1396   397   649   606   626   629   949   1136   26   28   24   980   422   1471   43   952   336   87   638   1094   1946   2030   187   249   1160   354   942   992   368   201   2045   1366   100   1098   977   1128   2039   332   
984   2008   636   1438   1027   0   1451   440   1375   8   249   67   13   47   1569   54   1381   198   1408   479   589   248   434   46   1942   1435   355   1985   203   620   1011   117   407   337   1086   575   0   299   65   1164   1021   1093   1417   298   121   908   12   38   941   228   
1570   939   1401   313   1998   1451   0   637   3   101   41   1211   1194   1202   936   906   186   1139   265   87   113   1250   1072   184   35   57   1978   1612   0   1456   902   996   988   1906   967   971   145   2024   248   1560   298   87   1167   0   640   1375   1193   321   265   1978   
177   1248   1539   311   1210   440   637   0   1028   1197   1188   359   65   1536   621   483   133   978   1265   5   343   1397   127   356   1163   198   1158   28   25   1149   2030   360   1158   1971   319   451   121   1250   1094   1152   970   350   1161   1092   53   1179   311   1371   967   150   
971   351   1147   427   934   1375   3   1028   0   374   284   355   32   893   318   228   1956   330   908   950   902   1533   1186   48   1090   983   612   632   42   450   1092   939   1410   605   7   938   412   1437   193   953   0   985   1451   1942   317   115   963   982   25   230   
941   457   904   238   291   8   101   1197   374   0   36   913   1575   99   335   301   212   260   49   1032   13   19   1094   1400   5   205   850   806   201   1499   979   1345   276   1435   1149   181   867   1381   23   1997   1124   65   249   329   1179   1090   41   1942   1416   1501   
963   479   1437   799   73   249   41   1188   284   36   0   907   1061   1152   269   1074   1411   645   1443   650   33   997   140   1624   64   1018   978   634   1078   229   1461   1991   1042   991   909   1936   637   65   17   445   1210   7   1516   1451   1367   331   1081   100   616   201   
395   1128   1202   1158   313   67   1211   359   355   913   907   0   1080   1362   0   806   1029   2008   68   343   1158   812   634   345   124   2010   1375   115   114   1176   20   11   624   947   1958   184   1215   66   189   911   128   1069   53   948   73   989   1076   269   1250   127   
1164   1585   963   1202   1396   13   1194   65   32   1575   1061   1080   0   1452   47   414   6   2025   1007   2010   321   148   425   137   133   1501   1094   64   1416   346   219   0   48   84   1211   54   337   625   1073   1384   2018   363   1198   1533   880   2024   1356   1194   235   270   
964   637   2018   592   397   47   1202   1536   893   99   1152   1362   1452   0   621   1435   956   0   1188   1946   1267   972   1099   89   110   76   575   1187   299   308   1444   1029   150   847   1094   1416   1191   1950   1023   326   123   332   6   1452   2000   395   354   969   125   245   
404   1188   12   987   649   1569   936   621   318   335   269   0   47   621   0   44   1130   1060   248   230   87   1484   27   1460   313   189   1436   1092   1167   1143   479   967   1311   647   1522   351   349   1167   1400   1104   325   84   1492   90   173   1443   936   1059   13   1003   
381   2049   1188   265   606   54   906   483   228   301   1074   806   414   1435   44   0   1396   85   67   32   959   1152   389   1201   1416   926   1396   35   645   8   196   44   125   988   827   848   295   645   434   49   1059   448   203   346   960   59   1458   1069   650   1082   
1041   1130   434   325   626   1381   186   133   1956   212   1411   1029   6   956   1130   1396   0   1215   1106   159   43   84   1147   479   649   363   1082   311   1243   374   310   1207   850   897   196   634   1100   1149   986   1031   2011   1267   2044   0   973   869   1125   74   1066   1119   
620   1250   1310   308   629   198   1139   978   330   260   645   2008   2025   0   1060   85   1215   0   219   1357   1237   974   1035   90   99   939   74   1436   38   878   1998   49   26   906   1386   1214   1194   1128   10   949   936   365   1451   91   0   413   978   1152   419   1148   
974   0   443   440   949   1408   265   1265   908   49   1443   68   1007   1188   248   67   1106   219   0   1460   12   1029   318   122   789   1128   203   146   244   613   2024   1160   53   318   18   1201   1093   302   103   30   69   205   29   1444   1439   997   606   1162   1984   301   
1904   902   193   2014   1136   479   87   5   950   1032   650   343   2010   1946   230   32   159   1357   1460   0   198   21   244   628   974   332   1400   992   635   20   1141   980   1437   198   2039   115   355   1132   1325   1207   1448   353   929   1539   1428   1434   24   1904   15   328   
1084   1144   184   1128   26   589   113   343   902   13   33   1158   321   1267   87   959   43   1237   12   198   0   648   55   10   1460   21   1073   49   1243   971   64   176   1471   1028   1117   27   1212   386   72   78   176   205   1917   290   1250   306   946   39   2013   359   
305   88   1120   1060   28   248   1250   1397   1533   19   997   812   148   972   1484   1152   84   974   1029   21   648   0   334   635   1436   405   1157   1103   1902   1439   203   338   34   1397   1194   1542   1249   41   404   59   942   1987   634   54   111   988   1011   855   475   427   
1190   349   952   274   24   434   1072   127   1186   1094   140   634   425   1099   27   389   1147   1035   318   244   55   334   0   1149   928   361   203   56   59   1169   10   625   1498   43   971   622   66   611   274   1152   1152   337   1061   198   57   18   83   379   336   1127   
982   113   1128   91   980   46   184   356   48   1400   1624   345   137   89   1460   1201   479   90   122   628   10   635   1149   0   59   319   1459   216   311   1194   86   1624   418   274   640   60   1163   34   34   308   1093   248   1028   963   288   1115   21   350   71   72   
176   1149   376   2024   422   1942   35   1163   1090   5   64   124   133   110   313   1416   649   99   789   974   1460   1436   928   59   0   1062   72   362   1181   1415   313   996   2018   1216   928   1130   1400   206   1955   970   648   1902   149   354   1227   103   254   331   422   10   
102   173   1447   1038   1471   1435   57   198   983   205   1018   2010   1501   76   189   926   363   939   1128   332   21   405   361   319   1062   0   936   0   244   374   1917   1147   2002   508   1065   607   936   1484   406   1434   198   645   1356   50   63   0   1442   196   971   1176   
2020   342   3   1100   43   355   1978   1158   612   850   978   1375   1094   575   1436   1396   1082   74   203   1400   1073   1157   203   1459   72   936   0   65   418   640   88   201   1093   623   1367   643   1209   1188   317   1901   1215   326   1539   2049   1081   116   114   1483   59   321   
288   187   963   266   952   1985   1612   28   632   806   634   115   64   1187   1092   35   311   1436   146   992   49   1103   56   216   362   0   65   0   967   2029   612   1967   55   639   25   59   297   222   115   925   989   1136   343   197   89   921   1061   1248   1437   68   
76   68   215   1080   336   203   0   25   42   201   1078   114   1416   299   1167   645   1243   38   244   635   1243   1902   59   311   1181   244   418   967   0   53   1452   203   67   1080   368   21   425   497   203   53   1112   1157   1359   2015   1076   52   1436   223   1250   985   
67   197   60   497   87   620   1456   1149   450   1499   229   1176   346   308   1143   8   374   878   613   20   971   1439   1169   1194   1415   374   640   2029   53   0   1065   0   1575   10   1031   4   1005   1984   1157   1069   1357   371   1106   1381   637   796   68   6   229   1132   
242   635   881   1121   638   1011   902   2030   1092   979   1461   20   219   1444   479   196   310   1998   2024   1141   64   203   10   86   313   1917   88   612   1452   1065   0   6   1967   991   1364   371   978   28   1373   13   1375   1106   116   1922   344   804   1184   1452   1156   260   
1975   211   0   925   1094   117   996   360   939   1345   1991   11   0   1029   967   44   1207   49   1160   980   176   338   625   1624   996   1147   201   1967   203   0   6   0   1539   279   1230   335   1211   1086   1207   1962   1366   1451   387   145   216   597   52   1491   308   335   
1407   647   1130   1392   1946   407   988   1158   1410   276   1042   624   48   150   1311   125   850   26   53   1437   1471   34   1498   418   2018   2002   1093   55   67   1575   1967   1539   0   301   21   206   1941   26   261   354   138   2000   1955   315   1094   193   1529   2045   621   650   
1188   284   2011   26   2030   337   1906   1971   605   1435   991   947   84   847   647   988   897   906   318   198   1028   1397   43   274   1216   508   623   639   1080   10   991   279   301   0   1080   50   379   926   49   583   1459   1149   1182   1583   244   35   351   1417   1127   20   
355   2046   1533   313   187   1086   967   319   7   1149   909   1958   1211   1094   1522   827   196   1386   18   2039   1117   1194   971   640   928   1065   1367   25   368   1031   1364   1230   21   1080   0   1198   23   194   29   1115   589   201   942   413   977   1020   0   79   66   304   
648   981   1096   1096   249   575   971   451   938   181   1936   184   54   1416   351   848   634   1214   1201   115   27   1542   622   60   1130   607   643   59   21   4   371   335   206   50   1198   0   893   1417   1185   111   1348   66   910   1179   1998   969   1073   270   1112   1129   
13   902   637   46   1160   0   145   121   412   867   637   1215   337   1191   349   295   1100   1194   1093   355   1212   1249   66   1163   1400   936   1209   297   425   1005   978   1211   1941   379   23   893   0   508   1157   189   175   1302   317   245   1449   1381   960   90   1250   64   
1065   15   1371   907   354   299   2024   1250   1437   1381   65   66   625   1950   1167   645   1149   1128   302   1132   386   41   611   34   206   1484   1188   222   497   1984   28   1086   26   926   194   1417   508   0   1128   15   971   1063   1158   172   8   930   1005   319   29   586   
168   1586   261   1031   942   65   248   1094   193   23   17   189   1073   1023   1400   434   986   10   103   1325   72   404   274   34   1955   406   317   115   203   1157   1373   1207   261   49   29   1185   1157   1128   0   98   260   57   915   618   643   369   66   583   323   17   
1420   83   0   333   992   1164   1560   1152   953   1997   445   911   1384   326   1104   49   1031   949   30   1207   78   59   1152   308   970   1434   1901   925   53   1069   13   1962   354   583   1115   111   189   15   98   0   1144   1944   1120   2002   0   1310   59   1431   60   2012   
1109   1089   1104   1173   368   1021   298   970   0   1124   1210   128   2018   123   325   1059   2011   936   69   1448   176   942   1152   1093   648   198   1215   989   1112   1357   1375   1366   138   1459   589   1348   175   971   260   1144   0   425   1578   1148   304   1446   25   273   940   1439   
1061   51   1252   1516   201   1093   87   350   985   65   7   1069   363   332   84   448   1267   365   205   353   205   1987   337   248   1902   645   326   1136   1157   371   1106   1451   2000   1149   201   66   1302   1063   57   1944   425   0   1091   177   354   1063   1110   1196   1586   51   
128   803   1562   414   2045   1417   1167   1161   1451   249   1516   53   1198   6   1492   203   2044   1451   29   929   1917   634   1061   1028   149   1356   1539   343   1359   1106   116   387   1955   1182   942   910   317   1158   915   1120   1578   1091   0   99   638   1069   69   423   1513   980   
336   1   640   586   1366   298   0   1092   1942   329   1451   948   1533   1452   90   346   0   91   1444   1539   290   54   198   963   354   50   2049   197   2015   1381   1922   145   315   1583   413   1179   245   172   618   2002   1148   177   99   0   812   83   1060   72   21   1097   
1936   1121   913   110   100   121   640   53   317   1179   1367   73   880   2000   173   960   973   0   1439   1428   1250   111   57   288   1227   63   1081   89   1076   637   344   216   1094   244   977   1998   1449   8   643   0   304   354   638   812   0   84   98   996   1435   939   
633   1599   1192   38   1098   908   1375   1179   115   1090   331   989   2024   395   1443   59   869   413   997   1434   306   988   18   1115   103   0   116   921   52   796   804   597   193   35   1020   969   1381   930   369   1310   1446   1063   1069   83   84   0   132   1400   359   141   
1206   616   184   1202   977   12   1193   311   963   41   1081   1076   1356   354   936   1458   1125   978   606   24   946   1011   83   21   254   1442   114   1061   1436   68   1184   52   1529   351   0   1073   960   1005   66   59   25   1110   69   1060   98   132   0   1358   1416   1344   
66   1362   502   283   1128   38   321   1371   982   1942   100   269   1194   969   1059   1069   74   1152   1162   1904   39   855   379   350   331   196   1483   1248   223   6   1452   1491   2045   1417   79   270   90   319   583   1431   273   1196   423   72   996   1400   1358   0   197   1612   
1388   0   21   989   2039   941   265   967   25   1416   616   1250   235   125   13   650   1066   419   1984   15   2013   475   336   71   422   971   59   1437   1250   229   1156   308   621   1127   66   1112   1250   29   323   60   940   1586   1513   21   1435   359   1416   197   0   1416   
1111   367   911   260   332   228   1978   150   230   1501   201   127   270   245   1003   1082   1119   1148   301   328   359   427   1127   72   10   1176   321   68   985   1132   260   335   650   20   304   1129   64   586   17   2012   1439   51   980   1097   939   141   1344   1612   1416   0   
0   0   0   0   0   246   0   0   15   0   1295   0   0   6110   0   0   2   24   0   0   3   8   34   0   0   2726   0   2645   0   31   0   0   0   5   2   4   26   58   0   4518   1   0   0   0   0   0   430   598   0   11   
168   0   0   1   0   6   284   1   1   387   6   1   0   0   0   0   458   0   0   8   239   403   0   6   0   0   0   0   3160   0   10   3730   1   3   660   0   0   1   20   0   0   2   0   5   0   95   0   6   0   1844   
0   26   0   0   22   5   449   0   40   0   0   0   6010   0   357   88   1   3   0   1   2   36   34   972   0   2   846   1295   0   924   170   0   2257   0   0   0   0   0   0   0   0   0   0   0   0   0   0   0   0   0   
0   0   0   0   0   665   533   0   119   1   0   0   63   0   0   35   28   0   0   0   0   0   0   5   0   0   0   0   0   0   0   1   2940   0   36   38   0   6   519   1   0   0   24   909   0   0   0   0   0   0   
12   0   6   7795   0   2   0   0   0   0   0   36   63   0   0   0   1059   0   60   350   0   0   0   0   0   0   0   4   0   0   0   400   0   0   0   306   0   325   0   0   0   0   69   35   70   0   0   128   0   0   
21   0   0   177   1045   0   0   0   10   0   306   2   0   5181   1   0   0   0   1437   6   239   0   5361   0   35   0   100   0   3   0   1346   1   0   804   0   415   0   398   3   5551   15   0   0   2690   0   0   0   0   0   0   
0   59   0   0   0   0   0   0   846   0   0   0   957   63   3   0   0   0   35   0   0   0   24   0   85   0   0   805   0   0   0   0   1   11   0   0   471   5592   0   0   0   672   6   0   1   10   0   408   4321   5   
0   0   0   7   9   5044   0   0   90   7   0   4080   3   0   0   0   6211   1   1   0   0   0   20   0   47   0   0   0   0   0   0   1261   0   0   17   13   0   175   400   233   0   1458   0   0   0   0   0   0   37   0   
1   33   34   75   0   31   0   0   0   3   0   100   11   0   0   17   738   2712   0   0   8   0   0   22   1   0   143   0   0   18   0   1   0   0   4   1297   0   601   1   0   0   0   451   0   0   0   1295   0   0   0   
0   3   0   0   0   0   601   1   75   0   0   121   4824   0   0   3462   5765   0   0   0   26   212   0   0   376   1151   87   131   0   0   0   190   0   0   0   25   9   0   0   44   0   0   306   0   1   1   0   0   0   0   
9   0   0   0   0   0   0   0   2709   33   0   4   0   0   867   0   0   10   0   7   0   4   0   0   0   622   1   11   0   0   0   5   0   5233   0   0   1753   1710   329   2   0   0   0   0   0   1   0   0   511   0   
0   3   4903   0   0   0   0   697   0   0   70   0   0   6   0   131   7659   0   0   123   5   9   0   0   6   0   10   0   276   4   1   40   5   20   10   0   2991   0   0   0   0   5   0   0   0   0   249   15   0   20   
0   0   2938   0   31   1   0   0   4171   0   631   0   0   733   0   0   0   308   0   0   408   0   0   0   0   0   681   0   50   4   1   0   22   0   20   0   0   20   869   0   0   16   0   2887   0   0   9   0   0   0   
39   0   34   1179   0   0   0   1   0   0   23   0   6   0   63   29   12   0   0   0   7360   2395   0   0   0   78   0   0   0   70   2454   0   0   1   0   0   0   0   0   0   0   0   0   733   2520   0   3   80   397   0   
0   0   1   0   0   0   2   2625   0   1   0   0   110   631   0   0   0   2   0   0   46   0   1226   0   0   1053   293   0   0   0   0   2   75   1   3172   0   0   0   0   0   5818   0   0   5265   0   378   7528   0   1   0   
0   0   1   0   0   0   0   5   0   0   0   1   331   0   0   0   0   0   382   0   0   233   0   12   0   1849   12   0   0   5978   0   0   1094   0   0   0   0   0   0   0   64   58   0   0   4   84   11   3   7   0   
1   3   0   3   34   0   70   0   71   0   69   0   972   43   2690   1   0   2991   34   0   553   0   40   0   1446   896   0   4   0   0   50   0   0   254   0   85   0   0   453   0   0   49   0   0   534   0   0   0   1   0   
6131   0   0   0   0   0   0   0   0   805   0   108   0   0   0   2   0   0   1   7   1   0   964   11   1   210   1   40   0   1   1   0   4   1   951   30   0   764   1974   533   0   2   0   97   0   645   0   233   4360   1   
2   601   194   909   0   2   1   387   0   3056   4   3   649   0   1   71   254   0   0   578   110   0   7   134   1   1   0   0   1   1   5592   1179   8   11   0   0   0   0   0   1164   0   0   0   0   311   766   0   17   0   0   
0   0   0   0   0   0   0   3959   2   17   0   0   0   601   2709   1107   0   0   0   0   2   1   1   435   26   1   0   0   0   0   0   4   787   5813   0   0   455   1   1   0   0   89   3205   189   7056   0   0   166   175   101   
22   38   0   0   0   0   0   0   4543   0   2   0   1480   0   0   0   1817   1   2   0   0   0   0   23   0   0   400   0   0   0   0   0   0   3429   0   1   3889   41   6   0   0   1151   0   0   0   0   0   13   0   2428   
5372   0   0   0   0   1053   0   22   0   0   0   5   0   0   0   361   51   78   0   0   2   0   0   10   0   0   95   0   689   311   0   0   0   0   6   0   1803   0   0   0   253   1606   85   0   135   0   3   1   0   8   
0   0   0   0   0   0   0   24   0   135   0   1460   0   0   0   0   0   2940   6   0   5   0   0   516   0   0   0   0   0   0   1   39   0   0   15   0   430   0   0   0   233   804   0   0   0   0   75   0   0   81   
0   0   223   1   0   0   0   25   0   0   0   3877   4367   0   738   0   798   6   1331   75   0   32   0   0   0   2   0   0   4544   0   0   0   0   1   0   4   6   0   0   0   0   0   7   1295   3   0   0   0   0   3611   
0   1107   0   11   0   0   1   435   92   0   6057   130   0   1   539   59   152   3980   70   0   0   0   15   0   0   0   0   1895   0   38   533   0   3467   9   0   458   109   0   0   5778   0   0   0   325   1   220   0   0   203   0   
0   0   0   0   2474   10   20   47   149   0   1503   0   0   0   0   178   0   0   5721   0   0   0   0   0   0   0   0   0   1   0   85   2781   0   399   0   0   0   0   0   1   2   0   9   0   0   0   0   613   0   0   
0   0   6987   7202   0   8   2   0   6752   90   0   4838   449   108   0   175   0   7528   0   0   1   4   2690   0   5   0   0   0   4   0   4556   0   0   3   362   0   0   88   0   1   82   0   2   0   0   0   0   0   0   0   
0   619   51   152   35   0   37   0   0   0   108   887   0   1   0   339   0   0   0   3   0   0   0   471   0   0   0   0   2   0   3   55   1   1480   3   11   0   0   0   107   0   0   0   0   0   40   0   592   222   3160   
0   0   5   1102   5585   0   1   6   0   0   0   0   0   0   0   0   0   913   549   0   0   38   3611   0   13   1828   0   6   0   0   0   5   0   0   0   0   0   0   148   0   0   14   1   0   249   5373   0   8   1   29   
0   0   3   0   2   3   2   0   0   0   0   1   20   0   1   0   14   0   0   0   0   3   1529   0   0   0   0   0   1710   0   0   0   4824   1   519   0   0   34   0   3   0   0   2382   0   0   0   0   0   0   0   
0   89   0   60   176   0   2   506   0   0   4482   0   0   0   0   0   0   19   0   0   0   1753   0   0   85   19   0   0   97   4200   0   0   225   0   0   0   4543   0   0   0   10   0   2281   0   0   2   0   733   0   3036   
1   666   513   376   449   1   0   0   17   11   0   7   0   0   1618   0   0   0   0   4   51   0   0   3   0   0   5   0   0   101   580   0   189   1   0   0   20   4482   0   0   0   0   0   347   0   0   176   38   0   0   
0   0   376   6   619   0   185   0   0   5   0   0   1   0   0   0   0   1972   0   0   3   0   29   2   113   0   0   1   0   2   400   553   0   0   0   0   27   113   6   3   0   6   0   11   0   1   692   69   4   0   
780   0   0   697   3   0   0   0   1   24   0   0   239   723   0   0   11   0   3187   2   23   913   0   0   0   1   0   0   0   55   0   2202   0   0   0   1   0   1849   0   0   23   1   770   0   1   0   1   0   0   7795   
2   5551   0   141   0   0   4104   26   0   0   4953   0   20   0   1   0   0   1092   0   0   7   957   0   4   4   4   0   0   0   0   0   0   13   0   0   0   0   0   6   18   239   0   253   645   0   3789   0   8   283   0   
0   0   0   0   55   0   0   0   0   0   0   29   0   519   0   937   0   3770   4   0   0   1   0   0   331   56   1338   0   15   1094   0   419   2   0   46   0   0   0   0   0   1339   152   0   5   0   73   869   3310   331   0   
1   4   0   972   0   642   6600   1   0   0   57   0   0   0   0   0   5   0   0   1226   0   1   0   142   0   0   3113   601   0   0   0   1601   0   0   59   1   0   33   0   0   0   1   0   53   0   0   4   11   0   0   
0   948   0   5721   6347   0   4785   0   2964   6   0   43   2   257   7701   0   3   0   6   1   119   0   0   2693   6850   0   0   0   20   0   347   0   0   0   0   0   1   0   1   4   0   0   383   3   2173   1   0   0   0   909   
0   519   1   0   0   35   0   984   0   0   15   4104   21   0   0   0   0   13   0   0   3462   0   0   32   274   1   0   0   3   0   3547   0   0   0   1   38   1   4903   0   0   0   2398   0   1641   1   0   112   0   1   0   
0   0   0   1   197   0   0   5   348   0   0   0   0   0   410   0   0   0   7202   0   0   0   108   458   0   0   0   1   394   282   5   1667   0   17   0   0   0   0   8   0   239   0   0   0   0   3   0   34   4   0   
1   0   0   0   0   0   0   0   40   8   0   5   2202   38   0   160   14   0   0   1   0   0   54   0   0   28   848   0   0   3   0   0   0   0   0   4953   0   0   1   7378   0   0   0   0   0   0   0   0   0   311   
0   16   0   0   1315   10   1   0   2   17   1963   0   2   6   0   3   0   54   1   0   0   0   1   1458   0   0   21   0   0   0   2   0   0   0   0   178   0   0   0   0   0   0   0   0   0   0   28   125   20   0   
1   0   0   0   0   0   0   0   0   0   0   0   0   0   1   127   0   0   0   0   0   2336   2585   0   5991   7   39   0   0   4   2   0   0   0   1711   0   0   80   84   432   0   743   0   0   0   3   0   0   3   0   
0   6   19   0   0   0   1   167   0   0   1   0   0   0   105   4   198   39   815   2   0   0   0   0   0   0   0   1   79   38   5765   0   0   0   4   25   62   171   0   0   23   539   347   0   16   0   0   0   0   0   
5585   0   292   293   2   0   0   0   5361   0   112   0   0   0   0   0   0   0   0   0   0   133   1   0   0   2   2391   55   0   0   0   0   4   2887   0   0   90   0   0   0   1   0   0   0   0   5   0   0   0   0   
26   21   0   27   20   0   0   5320   0   7477   0   0   4   0   0   0   57   0   6351   28   551   11   0   3257   0   0   1315   0   0   0   0   0   160   11   0   1618   3   0   0   0   0   0   0   0   24   0   2   0   4080   0   
14   7   78   791   0   0   0   31   3   0   50   1   4   0   6010   2   0   0   1   25   7202   0   225   35   292   0   0   27   275   0   1   0   0   311   0   1   276   1   0   19   54   1   1   0   0   0   0   5   0   0   
0   666   0   338   0   0   2   0   909   0   339   0   0   1193   0   1   0   0   0   8   512   0   0   0   1   127   0   40   0   0   0   100   0   5   0   0   0   254   0   237   0   0   1042   0   0   1   0   0   0   805   
0   1   1733   2   846   0   0   2   1   263   0   0   331   36   0   17   0   0   311   3205   0   0   0   127   0   0   0   620   0   0   0   5   0   2   0   191   0   85   1129   2   188   0   1   7659   0   0   0   0   0   50   
1339   1   9   0   19   0   0   16   0   1249   0   292   0   0   0   0   432   0   0   0   0   0   0   1   0   0   95   2   0   82   28   1   0   0   0   0   3085   791   387   6280   0   1   0   642   0   0   2   2722   0   0   
