50
0   0   5   89   320   0   916   1109   142   1145   1181   568   126   354   554   400   54   80   114   401   36   550   157   1080   148   463   792   113   15   1057   577   386   1211   640   466   407   128   457   516   898   911   543   442   1197   103   18   370   1106   114   1233   
0   0   1106   628   302   385   150   323   1151   527   140   42   1172   141   41   373   1022   911   27   296   122   462   144   160   1189   127   1066   628   54   114   364   239   428   133   177   464   168   1094   1023   1009   560   115   238   271   711   167   34   1086   399   1081   
5   1106   0   547   391   66   626   66   1028   581   132   0   1037   690   382   1013   162   1230   973   90   409   413   1073   109   126   162   505   115   0   505   355   50   580   702   23   186   159   1128   204   846   104   1189   25   886   8   1122   623   437   86   507   
89   628   547   0   665   337   157   290   1137   1048   119   0   418   1164   528   365   329   455   31   409   0   320   57   165   81   116   165   1216   1031   19   711   503   120   36   1077   78   50   479   573   50   173   93   1010   368   166   1037   625   231   500   119   
320   302   391   665   0   590   585   226   35   374   1057   107   1128   1152   62   69   670   815   140   191   1062   106   760   1648   101   167   582   800   242   57   38   670   916   437   244   117   271   766   274   67   50   461   335   183   336   479   575   153   527   859   
0   385   66   337   590   0   168   224   1073   155   126   591   591   243   304   23   515   168   144   1113   1114   345   1037   1170   238   456   87   104   1016   124   926   303   460   496   143   1079   21   1113   367   918   200   926   263   539   157   636   81   639   362   506   
916   150   626   157   585   168   0   211   188   806   112   126   672   1077   608   1139   61   190   532   534   352   0   949   72   1165   422   221   518   63   1117   1253   230   659   985   77   1138   1024   619   520   1182   519   178   167   144   463   50   98   102   315   182   
1109   323   66   290   226   224   211   0   582   919   332   306   247   44   0   365   178   543   473   285   49   516   423   117   166   79   1029   251   560   910   116   96   813   78   461   150   411   1109   110   1143   513   473   313   84   1072   549   422   80   537   427   
142   1151   1028   1137   35   1073   188   582   0   315   1184   271   688   4   399   487   1001   349   539   545   1049   1224   106   290   772   1146   1004   640   795   60   605   316   519   38   557   918   996   271   636   541   296   928   522   988   75   684   1007   324   665   133   
1145   527   581   1048   374   155   806   919   315   0   423   505   44   684   735   136   53   895   854   1034   529   1140   229   995   4   192   1198   524   383   175   60   154   152   1011   981   141   759   37   168   1718   1075   116   133   376   226   652   19   332   463   1172   
1181   140   132   119   1057   126   112   332   1184   423   0   19   1046   401   131   442   55   330   274   428   617   706   1045   13   1176   910   347   561   473   540   142   119   1153   435   721   139   556   1174   438   525   0   454   611   709   379   742   987   326   823   346   
568   42   0   0   107   591   126   306   271   505   19   0   54   153   500   1031   355   148   372   112   475   1581   1102   1098   451   564   782   503   14   910   89   1206   454   79   326   932   221   1146   328   681   646   94   1169   303   45   1116   154   706   37   919   
126   1172   1037   418   1128   591   672   247   688   44   1046   54   0   596   553   932   530   1005   1080   122   1124   752   377   363   17   280   130   546   909   174   130   257   1001   1096   718   164   404   517   149   482   761   1202   274   1005   1009   70   778   1104   318   950   
354   141   690   1164   1152   243   1077   44   4   684   401   153   596   0   226   288   172   425   487   322   311   467   1088   551   318   52   356   165   39   92   56   683   1028   106   729   126   803   1063   240   1021   900   1080   13   915   754   412   15   184   95   1106   
554   41   382   528   62   304   608   0   399   735   131   500   553   226   0   360   698   14   1155   437   62   112   553   330   1187   53   464   605   144   1701   162   952   835   82   1128   370   377   181   102   205   331   162   1084   1061   279   507   1130   123   181   13   
400   373   1013   365   69   23   1139   365   487   136   442   1031   932   288   360   0   148   1065   332   205   419   545   487   826   799   510   117   131   104   90   1128   181   746   296   548   570   147   558   231   418   143   145   200   461   556   106   1028   682   223   245   
54   1022   162   329   670   515   61   178   1001   53   55   355   530   172   698   148   0   315   975   1170   45   75   0   1156   1044   142   450   383   211   167   368   1202   102   646   19   362   129   403   481   93   995   49   1105   1180   399   1038   854   640   1167   300   
80   911   1230   455   815   168   190   543   349   895   330   148   1005   425   14   1065   315   0   130   34   525   433   98   441   168   433   565   1031   74   538   979   733   164   157   102   1061   562   781   546   1103   1018   999   153   422   271   734   1056   55   137   604   
114   27   973   31   140   144   532   473   539   854   274   372   1080   487   1155   332   975   130   0   1831   37   69   59   454   27   42   1101   15   122   61   640   388   97   1028   19   377   1025   599   49   135   473   824   146   1079   354   36   296   1026   91   396   
401   296   90   409   191   1113   534   285   545   1034   428   112   122   322   437   205   1170   34   1831   0   50   565   66   721   164   148   524   573   1102   1669   415   374   813   508   573   292   457   982   1001   191   1701   507   778   536   220   140   431   532   46   1116   
36   122   409   0   1062   1114   352   49   1049   529   617   475   1124   311   62   419   45   525   37   50   0   127   1172   473   336   524   1026   1032   1058   72   1097   1129   637   860   458   194   125   1114   436   36   176   216   1025   158   384   394   952   76   223   1181   
550   462   413   320   106   345   0   516   1224   1140   706   1581   752   467   112   545   75   433   69   565   127   0   748   257   1067   1038   346   23   657   520   1096   226   62   88   1118   531   582   590   155   570   85   970   584   146   977   513   841   320   326   137   
157   144   1073   57   760   1037   949   423   106   229   1045   1102   377   1088   553   487   0   98   59   66   1172   748   0   1137   439   1053   421   154   119   507   625   1073   44   93   22   451   619   49   826   1781   244   639   1026   146   423   240   135   1223   1080   248   
1080   160   109   165   1648   1170   72   117   290   995   13   1098   363   551   330   826   1156   441   454   721   473   257   1137   0   68   1592   636   496   594   42   1230   129   562   531   505   1167   270   183   34   1087   1122   611   277   368   1074   476   589   36   505   490   
148   1189   126   81   101   238   1165   166   772   4   1176   451   17   318   1187   799   1044   168   27   164   336   1067   439   68   0   210   1004   472   122   1047   550   46   103   171   387   409   90   160   422   436   1016   712   84   48   652   136   300   240   87   1048   
463   127   162   116   167   456   422   79   1146   192   910   564   280   52   53   510   142   433   42   148   524   1038   1053   1592   210   0   338   1196   596   829   379   915   433   155   39   114   1001   112   122   104   102   886   144   81   522   423   532   1065   205   1100   
792   1066   505   165   582   87   221   1029   1004   1198   347   782   130   356   464   117   450   565   1101   524   1026   346   421   636   1004   338   0   138   98   371   320   120   926   49   86   1000   518   412   1173   627   499   1021   1066   435   364   122   172   20   906   452   
113   628   115   1216   800   104   518   251   640   524   561   503   546   165   605   131   383   1031   15   573   1032   23   154   496   472   1196   138   0   1110   98   206   439   304   473   61   253   525   331   492   242   406   500   628   345   118   355   1731   443   228   133   
15   54   0   1031   242   1016   63   560   795   383   473   14   909   39   144   104   211   74   122   1102   1058   657   119   594   122   596   98   1110   0   603   346   1046   345   179   546   456   522   279   217   1072   706   159   436   652   29   369   116   264   420   409   
1057   114   505   19   57   124   1117   910   60   175   540   910   174   92   1701   90   167   538   61   1669   72   520   507   42   1047   829   371   98   603   0   486   1056   1081   148   174   176   419   162   1205   555   1623   184   0   66   370   127   987   1094   79   93   
577   364   355   711   38   926   1253   116   605   60   142   89   130   56   162   1128   368   979   640   415   1097   1096   625   1230   550   379   320   206   346   486   0   223   235   1102   748   553   1103   519   990   62   559   550   144   1142   542   144   172   1107   120   139   
386   239   50   503   670   303   230   96   316   154   119   1206   257   683   952   181   1202   733   388   374   1129   226   1073   129   46   915   120   439   1046   1056   223   0   121   617   1138   96   399   335   417   589   355   1102   229   139   1758   1144   141   175   645   190   
1211   428   580   120   916   460   659   813   519   152   1153   454   1001   1028   835   746   102   164   97   813   637   62   44   562   103   433   926   304   345   1081   235   121   0   149   410   913   181   443   200   586   337   1194   0   1049   686   86   1012   110   430   443   
640   133   702   36   437   496   985   78   38   1011   435   79   1096   106   82   296   646   157   1028   508   860   88   93   531   171   155   49   473   179   148   1102   617   149   0   134   517   107   61   153   92   131   186   590   550   481   172   108   334   1066   91   
466   177   23   1077   244   143   77   461   557   981   721   326   718   729   1128   548   19   102   19   573   458   1118   22   505   387   39   86   61   546   174   748   1138   410   134   0   718   109   41   82   590   571   98   66   734   48   1102   182   553   1146   1197   
407   464   186   78   117   1079   1138   150   918   141   139   932   164   126   370   570   362   1061   377   292   194   531   451   1167   409   114   1000   253   456   176   553   96   913   517   718   0   1150   120   372   304   1041   0   559   283   222   621   923   525   481   436   
128   168   159   50   271   21   1024   411   996   759   556   221   404   803   377   147   129   562   1025   457   125   582   619   270   90   1001   518   525   522   419   1103   399   181   107   109   1150   0   443   352   407   1159   1073   1101   351   159   162   24   157   305   308   
457   1094   1128   479   766   1113   619   1109   271   37   1174   1146   517   1063   181   558   403   781   599   982   1114   590   49   183   160   112   412   331   279   162   519   335   443   61   41   120   443   0   167   632   190   744   12   84   136   84   146   722   951   1156   
516   1023   204   573   274   367   520   110   636   168   438   328   149   240   102   231   481   546   49   1001   436   155   826   34   422   122   1173   492   217   1205   990   417   200   153   82   372   352   167   0   674   641   1025   524   1093   138   202   531   531   362   448   
898   1009   846   50   67   918   1182   1143   541   1718   525   681   482   1021   205   418   93   1103   135   191   36   570   1781   1087   436   104   627   242   1072   555   62   589   586   92   590   304   407   632   674   0   1220   395   112   358   695   238   1056   69   71   223   
911   560   104   173   50   200   519   513   296   1075   0   646   761   900   331   143   995   1018   473   1701   176   85   244   1122   1016   102   499   406   706   1623   559   355   337   131   571   1041   1159   190   641   1220   0   397   126   457   475   136   1085   553   135   691   
543   115   1189   93   461   926   178   473   928   116   454   94   1202   1080   162   145   49   999   824   507   216   970   639   611   712   886   1021   500   159   184   550   1102   1194   186   98   0   1073   744   1025   395   397   0   36   743   127   320   1065   990   492   514   
442   238   25   1010   335   263   167   313   522   133   611   1169   274   13   1084   200   1105   153   146   778   1025   584   1026   277   84   144   1066   628   436   0   144   229   0   590   66   559   1101   12   524   112   126   36   0   428   528   904   355   413   302   48   
1197   271   886   368   183   539   144   84   988   376   709   303   1005   915   1061   461   1180   422   1079   536   158   146   146   368   48   81   435   345   652   66   1142   139   1049   550   734   283   351   84   1093   358   457   743   428   0   1053   721   1581   123   167   926   
103   711   8   166   336   157   463   1072   75   226   379   45   1009   754   279   556   399   271   354   220   384   977   423   1074   652   522   364   118   29   370   542   1758   686   481   48   222   159   136   138   695   475   127   528   1053   0   96   458   0   375   1016   
18   167   1122   1037   479   636   50   549   684   652   742   1116   70   412   507   106   1038   734   36   140   394   513   240   476   136   423   122   355   369   127   144   1144   86   172   1102   621   162   84   202   238   136   320   904   721   96   0   40   560   108   617   
370   34   623   625   575   81   98   422   1007   19   987   154   778   15   1130   1028   854   1056   296   431   952   841   135   589   300   532   172   1731   116   987   172   141   1012   108   182   923   24   146   531   1056   1085   1065   355   1581   458   40   0   475   932   229   
1106   1086   437   231   153   639   102   80   324   332   326   706   1104   184   123   682   640   55   1026   532   76   320   1223   36   240   1065   20   443   264   1094   1107   175   110   334   553   525   157   722   531   69   553   990   413   123   0   560   475   0   318   295   
114   399   86   500   527   362   315   537   665   463   823   37   318   95   181   223   1167   137   91   46   223   326   1080   505   87   205   906   228   420   79   120   645   430   1066   1146   481   305   951   362   71   135   492   302   167   375   108   932   318   0   327   
1233   1081   507   119   859   506   182   427   133   1172   346   919   950   1106   13   245   300   604   396   1116   1181   137   248   490   1048   1100   452   133   409   93   139   190   443   91   1197   436   308   1156   448   223   691   514   48   926   1016   617   229   295   327   0   
0   0   0   0   59   0   0   0   237   0   1   570   2   1   0   0   0   137   0   919   0   0   5401   22   66   7   0   4   0   3   0   6   172   0   0   2   0   0   0   338   2662   1966   89   1   0   0   0   0   0   0   
1   0   0   138   0   0   0   3   0   2203   0   6700   195   2   0   26   0   0   16   4790   16   0   2   1   0   0   0   138   0   1   5   1036   415   2   0   5680   0   4608   0   0   0   0   0   121   9   0   0   1546   5   0   
0   0   0   3015   0   0   0   0   26   40   0   0   0   0   140   0   1   0   9   0   0   243   0   2   163   0   0   4   0   0   2774   0   0   0   3   113   1   0   0   0   0   3447   20   0   442   0   319   0   1706   0   
1   21   0   0   18   348   0   0   0   0   0   0   0   0   3   7989   4364   0   0   0   0   0   0   50   1   0   1925   101   4436   0   9   62   0   0   214   0   0   1   133   338   0   0   0   0   0   0   0   0   0   0   
555   0   1   0   0   7312   633   7625   105   0   9   0   0   5   1   0   0   4209   27   0   1699   0   0   0   0   0   1198   183   0   1   5   0   0   0   22   0   66   9   2782   0   12   0   11   0   0   0   14   0   0   0   
0   1   236   0   24   0   0   264   0   35   1   9   19   0   169   4   1   0   5541   0   831   70   0   2   0   0   14   1   272   0   9   0   3   0   0   0   297   0   0   4   0   0   11   0   570   5   0   3821   1   0   
0   0   0   19   641   35   0   6   6   7076   0   453   0   0   54   0   873   0   0   2   0   0   0   0   65   0   0   189   0   0   0   30   0   0   0   0   9   0   0   0   7588   0   0   0   0   0   6   10   1171   0   
0   0   87   0   2643   1   4377   0   0   92   215   0   5823   0   0   3   0   0   207   0   0   0   43   0   0   1   0   0   505   0   0   0   4   0   0   0   0   3607   0   0   0   0   0   0   304   66   701   2278   0   7   
1600   0   18   0   14   0   0   28   0   1618   47   0   3   205   1   1   13   0   0   0   9   0   7402   4   1   2181   0   0   0   2850   7   59   7588   94   0   0   0   0   2   0   0   0   0   0   0   3739   3   0   0   327   
5993   0   0   0   1671   418   0   187   3   0   0   556   31   1   451   0   0   2018   119   0   2   802   0   0   0   0   4   0   0   1727   5797   0   0   4   0   7287   0   513   8   510   5316   0   55   0   0   0   0   0   0   0   
0   1   3457   0   469   212   153   269   0   2   0   0   22   0   112   4175   0   236   0   83   0   92   0   0   0   0   0   26   0   10   237   0   0   0   3   4859   0   0   0   7121   0   47   0   3   0   1   114   0   0   0   
57   1   0   18   0   5   3   1   510   6   44   0   0   0   0   0   36   1   0   1063   40   0   1   1   0   0   4555   0   950   0   0   0   0   1   426   0   2   4   0   0   0   6   0   0   7   1   0   92   0   92   
670   0   0   0   0   0   0   0   0   0   831   0   0   3058   730   0   0   0   41   188   275   0   0   452   1443   0   0   1   0   0   24   228   0   33   0   0   0   7   0   0   0   0   0   1   0   1   0   43   3989   0   
0   571   0   387   212   267   124   1   55   11   785   564   0   0   7625   17   0   31   1   0   2   0   0   3985   3423   2   0   0   0   0   1   0   0   0   2078   0   0   3   1   0   0   25   0   20   2   0   0   0   0   4   
0   0   0   47   1   527   514   3447   0   0   6   0   1   4802   0   0   0   12   0   0   34   655   730   0   1   0   0   7   5541   19   0   78   0   0   18   6   0   5   0   20   0   24   0   46   0   0   0   347   2   29   
658   0   1   0   19   0   20   0   1913   0   0   0   10   0   0   0   66   0   0   20   0   0   0   0   2825   0   0   42   573   0   0   2   11   173   19   0   459   131   4   1057   0   0   0   726   0   0   0   0   0   0   
0   5453   406   2   3918   2509   44   2   0   1   2   0   313   4521   0   83   0   1171   0   0   0   0   0   0   0   0   0   0   4571   0   0   939   0   35   0   0   537   0   186   0   0   2   0   18   0   116   0   1001   80   0   
0   2   0   0   0   81   0   0   0   3989   390   0   2063   112   179   0   0   0   24   0   5062   13   0   0   0   15   655   0   0   8   0   0   85   0   0   1   2515   2   1   0   3   0   289   91   1   686   0   3306   0   0   
0   103   0   0   0   973   56   0   0   0   389   7   78   0   0   0   0   0   0   0   0   0   0   0   0   6700   0   327   16   500   0   387   0   0   0   0   0   0   2   0   0   0   0   82   0   0   0   742   0   1   
0   0   3   0   312   81   0   12   0   9   0   0   1453   4297   0   1   63   54   47   0   0   10   0   22   0   7   0   0   1785   5087   12   0   128   0   5826   215   7   281   0   0   1   7875   2   13   2114   12   0   0   2217   1   
1343   0   0   39   302   13   0   0   7   0   6   0   7   0   0   0   5   199   64   1231   0   0   195   171   0   149   100   2   94   0   0   0   1   0   6302   9   0   0   0   1881   0   444   327   3045   104   0   78   27   0   29   
1   7   0   108   0   0   0   0   0   0   130   5519   0   0   0   1   218   0   13   0   58   0   29   112   0   731   0   503   0   0   0   0   0   0   402   14   0   7312   636   0   63   1   0   0   693   50   678   59   72   0   
0   0   185   0   0   0   5638   0   73   0   0   4   0   9   0   47   51   0   19   2   0   274   0   0   14   0   0   0   1   5154   209   0   102   0   0   111   636   0   1   0   0   4   1181   7   0   0   3   0   2   335   
1   1   21   0   427   0   0   0   0   0   1   0   0   0   0   0   0   0   70   0   0   1   36   0   13   6894   2   0   28   0   2   407   0   14   642   80   2460   6   0   0   4   0   0   0   1   83   0   0   642   394   
0   419   3   59   170   2   7   0   0   617   1273   0   3   1   0   50   0   1123   0   7   0   219   6   0   0   0   59   223   0   1   13   0   900   0   0   0   18   0   9   0   0   27   0   514   0   0   0   30   78   6   
0   2   1   2   0   0   7690   27   0   2063   1   0   0   0   0   0   3437   1739   0   2537   0   0   39   0   0   0   0   0   56   0   0   6   0   344   0   0   0   655   246   0   0   0   0   0   67   3929   0   0   0   1234   
1   6   0   0   3   0   2011   0   0   1   1765   0   3587   149   112   1858   1344   0   4   106   59   0   0   0   64   0   0   0   0   3   3422   205   0   1170   0   0   0   0   1383   74   0   0   86   0   5973   0   0   3516   55   1   
0   186   81   18   0   1844   408   29   0   0   0   0   6127   1   633   565   214   0   9   0   0   231   0   742   0   160   0   0   0   0   0   15   195   0   579   0   569   0   0   0   0   635   273   0   799   40   649   2917   10   0   
55   18   0   12   0   1   0   4909   1   0   0   15   0   0   0   0   0   0   0   1   12   747   394   0   5   0   0   2095   0   43   0   70   165   6068   142   21   0   0   19   304   92   112   0   0   0   0   0   273   16   0   
0   6392   536   0   0   0   0   70   2   2   0   0   1428   0   0   193   0   0   1   0   205   0   203   128   792   6   426   0   1   0   5   0   0   7   0   0   0   0   7   130   22   10   0   0   0   0   0   0   0   0   
11   0   0   0   4   0   2889   0   3   1   0   2   0   4   0   571   238   0   0   0   0   9   0   0   9   0   3616   1   1159   0   0   0   67   0   0   0   0   10   0   1   3   0   4   0   1   397   293   0   0   0   
2   7215   7   4219   3587   1   0   0   0   0   0   0   0   0   0   0   0   0   0   0   1   0   1155   0   1275   0   16   3   0   0   0   0   0   0   0   1328   0   11   0   0   36   1172   0   211   0   0   0   0   0   0   
0   4081   40   0   3   8   0   0   21   0   877   0   16   35   0   4892   0   4   0   0   197   406   48   46   76   0   0   0   97   28   0   0   0   2315   9   0   1318   617   0   0   583   0   0   0   5071   0   21   43   0   0   
0   0   0   0   126   1   0   39   0   0   23   6   3   2348   2   0   0   11   0   23   0   172   0   1   0   0   0   0   7455   0   3549   0   0   0   0   837   1   873   0   34   190   0   0   1995   186   4   0   0   0   48   
0   4   0   0   0   0   0   11   0   302   0   6   0   2124   0   0   0   9   1344   0   1549   0   0   1466   0   63   152   0   5   5   0   0   0   0   0   34   609   0   396   0   11   3141   0   686   1   0   0   0   0   0   
4220   0   0   0   1   2612   0   1759   0   2988   0   1   32   9   97   0   0   0   3564   47   0   780   1   19   1427   0   0   0   0   35   1358   0   5283   0   26   0   277   0   51   84   337   0   0   0   0   19   0   1877   1   0   
1   0   0   55   0   382   0   0   1   0   0   1499   0   28   0   0   0   0   0   0   1   0   0   0   0   0   13   4297   0   55   0   0   182   50   0   0   0   83   14   770   0   0   0   1562   0   0   0   0   0   0   
0   48   0   274   0   0   1515   781   0   0   6   0   717   0   1905   0   66   0   2   3   47   19   0   0   0   4   1719   0   0   6   0   0   1699   27   245   1   3   0   0   0   313   0   0   6008   0   0   0   0   0   225   
6350   0   114   0   3   0   55   0   0   0   0   0   3   1   0   0   5219   0   46   244   0   0   7   2272   3951   0   5   0   0   0   22   0   0   0   0   1207   3   2754   0   0   239   0   149   2   0   0   0   6245   0   0   
6443   3   2   0   0   48   0   1   0   0   1391   0   0   0   565   0   26   4   0   0   1727   3423   0   0   0   0   0   1   0   90   595   0   500   11   2537   4   238   1101   0   0   0   0   0   0   261   75   7249   0   53   0   
44   0   3   0   0   0   13   51   0   1   0   0   7   0   184   0   342   0   0   0   260   34   445   0   70   1   0   1   0   392   0   93   0   857   0   0   1   0   10   9   0   0   0   0   0   0   0   272   0   0   
924   716   0   0   4   0   0   847   7   210   1241   0   0   0   0   10   2639   314   0   0   0   0   50   0   23   0   148   8   107   0   0   0   1367   3375   4   0   0   428   0   0   4793   0   0   0   17   0   0   0   0   0   
69   232   0   0   0   1   0   1433   0   0   322   1078   0   6   2677   19   0   0   0   1453   986   0   0   181   0   399   0   0   167   0   0   0   4   9   0   10   0   407   0   2   129   1   0   0   3619   0   128   34   5156   966   
43   871   0   4   571   3091   0   0   0   5156   4   0   1536   182   0   0   0   0   0   1298   914   0   3892   617   1348   0   0   0   22   338   7   3   0   0   0   0   0   898   19   0   0   994   0   0   2948   0   0   35   0   1254   
0   1   0   0   0   1913   0   6   1226   0   0   0   8   215   0   0   1749   4132   0   4   0   1587   7   9   703   1344   0   57   97   0   6014   5911   0   36   20   0   0   2616   0   462   0   0   10   0   0   4   0   0   40   1   
0   2   1139   0   0   0   74   0   176   0   33   2   0   2843   0   0   1706   97   7   426   0   50   0   0   0   494   0   0   0   0   0   275   1   0   75   0   3   0   45   2   0   383   163   0   0   0   0   0   574   142   
0   0   0   7241   0   839   259   1031   29   0   0   0   5426   0   1   0   1   0   246   18   0   7703   0   0   0   84   7   2981   1   2669   0   62   0   0   0   106   0   0   25   0   0   0   0   0   0   0   0   216   0   0   
0   0   11   10   0   2332   236   475   0   0   0   0   1   0   18   6434   6357   0   0   0   0   0   1   7   0   0   0   7000   0   0   13   0   4056   0   0   5779   0   2   0   0   145   1   0   399   0   1   0   0   3423   0   
0   0   0   6   130   0   0   0   0   0   0   10   132   0   0   0   4693   0   1   213   1   288   0   4522   0   0   0   0   1   0   0   7   10   10   0   2   0   0   0   0   0   294   0   0   112   0   0   78   0   97   
0   0   44   0   574   0   0   0   20   0   1   176   1   0   181   14   389   0   574   0   558   0   0   32   0   23   4790   42   0   8   709   3213   1   8   0   0   86   0   0   309   1709   2889   1   0   0   2063   148   0   0   0   
